<?xml version="1.0" encoding="utf-8"?>
<COLLADA xmlns="http://www.collada.org/2005/11/COLLADASchema" version="1.4.1">
  <asset>
    <contributor>
      <author>Mixamo</author>
      <authoring_tool>COLLADA Mixamo exporter</authoring_tool>
      <comments/>
    </contributor>
    <created>2022-10-19T20:17:26Z</created>
    <modified>2022-10-19T20:17:26Z</modified>
    <revision/>
    <title/>
    <unit meter="0.010000"/>
    <up_axis>Y_UP</up_axis>
  </asset>
  <library_animations>
    <animation id="mixamorig_Hips-anim" name="mixamorig_Hips">
      <source id="mixamorig_Hips-Matrix-animation-input">
        <float_array id="mixamorig_Hips-Matrix-animation-input-array" count="115">

0.000000 0.033333 0.066667 0.100000 0.133333 0.166667 0.200000 0.233333 0.266667 0.300000 0.333333 0.366667 0.400000 0.433333 0.466667 0.500000
0.533333 0.566667 0.600000 0.633333 0.666667 0.700000 0.733333 0.766667 0.800000 0.833333 0.866667 0.900000 0.933333 0.966667 1.000000 1.033333
1.066667 1.100000 1.133333 1.166667 1.200000 1.233333 1.266667 1.300000 1.333333 1.366667 1.400000 1.433333 1.466667 1.500000 1.533333 1.566667
1.600000 1.633333 1.666667 1.700000 1.733333 1.766667 1.800000 1.833333 1.866667 1.900000 1.933333 1.966667 2.000000 2.033333 2.066667 2.100000
2.133333 2.166667 2.200000 2.233333 2.266667 2.300000 2.333333 2.366667 2.400000 2.433333 2.466667 2.500000 2.533333 2.566667 2.600000 2.633333
2.666667 2.700000 2.733333 2.766667 2.800000 2.833333 2.866667 2.900000 2.933333 2.966667 3.000000 3.033333 3.066667 3.100000 3.133333 3.166667
3.200000 3.233333 3.266667 3.300000 3.333333 3.366667 3.400000 3.433333 3.466667 3.500000 3.533333 3.566667 3.600000 3.633333 3.666667 3.700000
3.733333 3.766667 3.800000</float_array>
        <technique_common>
          <accessor source="#mixamorig_Hips-Matrix-animation-input-array" count="115">
            <param name="TIME" type="float"/>
          </accessor>
        </technique_common>
      </source>
      <source id="mixamorig_Hips-Matrix-animation-output-transform">
        <float_array id="mixamorig_Hips-Matrix-animation-output-transform-array" count="1840">

0.999762 0.017737 -0.012725 0.025717 -0.017682 0.999834 0.004401 99.596977 0.012801 -0.004175 0.999909 -0.678575 0.000000 0.000000 0.000000 1.000000
0.999761 0.017679 -0.012892 0.025826 -0.017734 0.999834 -0.004131 99.808685 0.012817 0.004358 0.999908 -0.575205 0.000000 0.000000 0.000000 1.000000
0.999761 0.017569 -0.013015 0.009216 -0.017764 0.999729 -0.015025 100.167404 0.012747 0.015253 0.999802 -0.443865 0.000000 0.000000 0.000000 1.000000
0.999760 0.017603 -0.013040 -0.019526 -0.017956 0.999462 -0.027460 100.273643 0.012550 0.027688 0.999538 -0.291535 0.000000 0.000000 0.000000 1.000000
0.999760 0.017603 -0.013030 -0.058777 -0.018119 0.999011 -0.040605 99.728867 0.012302 0.040831 0.999090 -0.125193 0.000000 0.000000 0.000000 1.000000
0.999759 0.017680 -0.013013 -0.104407 -0.018354 0.998392 -0.053631 98.139099 0.012043 0.053857 0.998476 0.020040 0.000000 0.000000 0.000000 1.000000
0.999761 0.017613 -0.012958 -0.166691 -0.018428 0.997668 -0.065711 94.826431 0.011771 0.065934 0.997755 0.107850 0.000000 0.000000 0.000000 1.000000
0.999765 0.017412 -0.012876 -0.224982 -0.018342 0.996938 -0.076020 90.122635 0.011513 0.076238 0.997023 0.467719 0.000000 0.000000 0.000000 1.000000
0.999770 0.017195 -0.012809 -0.278686 -0.018214 0.996277 -0.084262 85.103683 0.011313 0.084476 0.996361 1.436742 0.000000 0.000000 0.000000 1.000000
0.999775 0.016953 -0.012741 -0.340929 -0.018064 0.995522 -0.092786 80.016678 0.011111 0.092995 0.995605 2.978338 0.000000 0.000000 0.000000 1.000000
0.999780 0.016703 -0.012679 -0.409746 -0.017902 0.994705 -0.101203 75.159760 0.010922 0.101407 0.994785 4.874946 0.000000 0.000000 0.000000 1.000000
0.999784 0.016479 -0.012641 -0.477110 -0.017754 0.993941 -0.108473 70.892807 0.010777 0.108674 0.994019 6.921185 0.000000 0.000000 0.000000 1.000000
0.999786 0.016343 -0.012674 -0.533823 -0.017667 0.993492 -0.112520 67.668701 0.010752 0.112719 0.993569 8.908650 0.000000 0.000000 0.000000 1.000000
0.999785 0.016353 -0.012734 -0.569210 -0.017647 0.993866 -0.109174 66.169434 0.010870 0.109376 0.993941 10.602664 0.000000 0.000000 0.000000 1.000000
0.999782 0.016498 -0.012825 -0.571058 -0.017709 0.994736 -0.100927 66.300034 0.011092 0.101132 0.994811 11.879480 0.000000 0.000000 0.000000 1.000000
0.999796 0.015707 -0.012705 -0.620276 -0.016725 0.996288 -0.084445 68.688919 0.011332 0.084640 0.996347 12.167529 0.000000 0.000000 0.000000 1.000000
0.999426 0.025822 -0.021909 -0.096661 -0.027990 0.994056 -0.105211 88.318581 0.019062 0.105764 0.994209 21.679022 0.000000 0.000000 0.000000 1.000000
0.999240 0.033762 -0.019498 0.357525 -0.036061 0.990460 -0.132998 111.565521 0.014822 0.133600 0.990924 31.397137 0.000000 0.000000 0.000000 1.000000
0.999689 0.023626 0.008024 0.483041 -0.021867 0.984443 -0.174336 135.198044 -0.012018 0.174107 0.984653 40.350708 0.000000 0.000000 0.000000 1.000000
0.999606 -0.008941 0.026601 0.431301 0.013683 0.982869 -0.183797 158.385605 -0.024502 0.184089 0.982604 48.659695 0.000000 0.000000 0.000000 1.000000
0.999535 -0.010619 0.028574 0.995522 0.014781 0.988628 -0.149654 179.455856 -0.026660 0.150007 0.988325 55.582951 0.000000 0.000000 0.000000 1.000000
0.999469 -0.002486 0.032489 1.368450 0.006335 0.992885 -0.118908 198.728607 -0.031962 0.119050 0.992374 62.096600 0.000000 0.000000 0.000000 1.000000
0.999183 0.000342 0.040423 1.492547 0.004148 0.993819 -0.110937 217.329056 -0.040211 0.111014 0.993005 68.874161 0.000000 0.000000 0.000000 1.000000
0.998466 0.005694 0.055070 1.675388 -0.000059 0.994807 -0.101777 234.803925 -0.055363 0.101617 0.993282 75.384148 0.000000 0.000000 0.000000 1.000000
0.996145 0.013846 0.086624 2.074271 -0.006021 0.995929 -0.089944 250.157867 -0.087517 0.089075 0.992173 81.885155 0.000000 0.000000 0.000000 1.000000
0.992377 0.019796 0.121641 2.298644 -0.007244 0.994678 -0.102780 262.607086 -0.123028 0.101115 0.987238 88.661987 0.000000 0.000000 0.000000 1.000000
0.990798 0.016190 0.134380 2.292754 0.003364 0.989569 -0.144022 272.049927 -0.135310 0.143149 0.980408 95.503830 0.000000 0.000000 0.000000 1.000000
0.990908 0.006240 0.134400 2.181717 0.019012 0.982406 -0.185789 279.031189 -0.133194 0.186655 0.973355 102.350227 0.000000 0.000000 0.000000 1.000000
0.990255 -0.001128 0.139264 2.250088 0.030691 0.977150 -0.210323 283.835693 -0.135844 0.212547 0.967662 109.132820 0.000000 0.000000 0.000000 1.000000
0.990094 -0.008159 0.140168 2.560854 0.039633 0.973953 -0.223258 286.633575 -0.134695 0.226601 0.964629 115.428185 0.000000 0.000000 0.000000 1.000000
0.989617 -0.012802 0.143156 2.997609 0.044746 0.973969 -0.222223 287.503845 -0.136585 0.226321 0.964429 121.465118 0.000000 0.000000 0.000000 1.000000
0.989266 -0.015272 0.145326 3.408363 0.046545 0.975656 -0.214311 286.857910 -0.138515 0.218774 0.965894 127.260567 0.000000 0.000000 0.000000 1.000000
0.988934 -0.015522 0.147545 3.586469 0.045507 0.978308 -0.202097 285.125610 -0.141208 0.206575 0.968188 132.402420 0.000000 0.000000 0.000000 1.000000
0.989026 -0.014945 0.146983 3.616527 0.042664 0.981377 -0.187294 282.206238 -0.141447 0.191510 0.971245 137.054886 0.000000 0.000000 0.000000 1.000000
0.989610 -0.015402 0.142952 3.670360 0.040317 0.984084 -0.173073 277.931458 -0.138011 0.177038 0.974480 141.652985 0.000000 0.000000 0.000000 1.000000
0.989922 -0.016075 0.140702 3.674740 0.039244 0.985765 -0.163483 272.203400 -0.136071 0.167357 0.976461 146.348831 0.000000 0.000000 0.000000 1.000000
0.989531 -0.017203 0.143292 3.607725 0.040701 0.985833 -0.162716 264.891205 -0.138463 0.166845 0.976212 151.183304 0.000000 0.000000 0.000000 1.000000
0.988587 -0.022581 0.148947 3.506380 0.048555 0.983701 -0.173132 255.804108 -0.142610 0.178389 0.973571 156.145462 0.000000 0.000000 0.000000 1.000000
0.987200 -0.031486 0.156345 3.455775 0.061753 0.979313 -0.192701 244.414795 -0.147044 0.199889 0.968722 161.298569 0.000000 0.000000 0.000000 1.000000
0.986156 -0.043125 0.160115 3.503111 0.077559 0.973416 -0.215512 230.381851 -0.146565 0.224946 0.963285 166.107391 0.000000 0.000000 0.000000 1.000000
0.986157 -0.056936 0.155731 3.637385 0.093157 0.967205 -0.236296 213.894379 -0.137170 0.247533 0.959120 169.943573 0.000000 0.000000 0.000000 1.000000
0.986716 -0.072319 0.145469 3.740489 0.107974 0.960990 -0.254637 195.583572 -0.121379 0.266961 0.956033 172.762314 0.000000 0.000000 0.000000 1.000000
0.986519 -0.086518 0.138906 3.856969 0.122039 0.954457 -0.272245 176.023453 -0.109026 0.285527 0.952149 174.753693 0.000000 0.000000 0.000000 1.000000
0.985362 -0.093380 0.142627 3.921006 0.131295 0.949333 -0.285531 156.187668 -0.108738 0.300077 0.947697 176.514938 0.000000 0.000000 0.000000 1.000000
0.984486 -0.086995 0.152381 4.163251 0.127920 0.950270 -0.283944 136.970734 -0.120101 0.299031 0.946655 178.289581 0.000000 0.000000 0.000000 1.000000
0.985538 -0.072323 0.153244 4.467805 0.110774 0.959328 -0.259652 119.771042 -0.128232 0.272873 0.953466 179.440308 0.000000 0.000000 0.000000 1.000000
0.988674 -0.055390 0.139483 4.817352 0.085256 0.972161 -0.218254 102.159035 -0.123511 0.227674 0.965873 180.444458 0.000000 0.000000 0.000000 1.000000
0.992993 -0.039177 0.111494 5.417055 0.059173 0.981492 -0.182133 84.271690 -0.102295 0.187454 0.976932 180.228088 0.000000 0.000000 0.000000 1.000000
0.996745 -0.021623 0.077671 5.602983 0.035263 0.983254 -0.178799 68.802391 -0.072504 0.180955 0.980815 180.840988 0.000000 0.000000 0.000000 1.000000
0.998857 -0.004371 0.047594 5.962701 0.014947 0.974431 -0.224190 57.195000 -0.045397 0.224645 0.973383 182.616013 0.000000 0.000000 0.000000 1.000000
0.999576 0.010860 0.027031 6.555638 -0.001538 0.946298 -0.323293 54.302143 -0.029091 0.323114 0.945913 184.805588 0.000000 0.000000 0.000000 1.000000
0.999781 0.005646 0.020156 7.191565 0.003070 0.912970 -0.408015 54.496223 -0.020706 0.407988 0.912753 187.336411 0.000000 0.000000 0.000000 1.000000
0.999782 -0.004116 0.020453 7.617737 0.012463 0.904042 -0.427261 55.831154 -0.016732 0.427423 0.903897 189.819595 0.000000 0.000000 0.000000 1.000000
0.999696 -0.007893 0.023341 7.608814 0.016997 0.906743 -0.421341 57.810501 -0.017839 0.421610 0.906602 191.660706 0.000000 0.000000 0.000000 1.000000
0.999322 -0.005200 0.036438 7.518482 0.019591 0.913234 -0.406965 60.141277 -0.031160 0.407403 0.912717 192.900894 0.000000 0.000000 0.000000 1.000000
0.999131 0.006946 0.041103 7.503483 0.010677 0.910487 -0.413401 62.577377 -0.040295 0.413480 0.909621 194.479187 0.000000 0.000000 0.000000 1.000000
0.998498 0.024674 0.048923 7.319571 -0.001026 0.901132 -0.433544 64.988914 -0.054783 0.432843 0.899803 196.214279 0.000000 0.000000 0.000000 1.000000
0.997068 0.044824 0.062015 7.041769 -0.012060 0.892383 -0.451118 67.288803 -0.075562 0.449047 0.890307 197.771271 0.000000 0.000000 0.000000 1.000000
0.995482 0.060957 0.072794 6.675425 -0.019549 0.881850 -0.471125 69.298759 -0.092912 0.467574 0.879057 199.286026 0.000000 0.000000 0.000000 1.000000
0.993988 0.068729 0.085231 6.187783 -0.018478 0.872575 -0.488131 70.928230 -0.107919 0.483622 0.868599 200.689987 0.000000 0.000000 0.000000 1.000000
0.992781 0.074172 0.094258 5.691341 -0.016581 0.863192 -0.504604 71.420822 -0.118790 0.499399 0.858190 201.971451 0.000000 0.000000 0.000000 1.000000
0.992053 0.080074 0.097048 5.299737 -0.017569 0.851941 -0.523342 71.468872 -0.124586 0.517478 0.846578 203.107269 0.000000 0.000000 0.000000 1.000000
0.991432 0.082877 0.100968 4.978954 -0.015624 0.842641 -0.538250 71.449326 -0.129688 0.532060 0.836715 204.039871 0.000000 0.000000 0.000000 1.000000
0.990939 0.081647 0.106650 4.699283 -0.010523 0.838783 -0.544365 71.388763 -0.133902 0.538310 0.832041 204.658981 0.000000 0.000000 0.000000 1.000000
0.990855 0.078411 0.109808 4.488443 -0.006366 0.840073 -0.542435 71.041214 -0.134780 0.536776 0.832890 204.889053 0.000000 0.000000 0.000000 1.000000
0.991320 0.073060 0.109305 4.327178 -0.003161 0.844387 -0.535725 70.303101 -0.131435 0.530729 0.837288 204.752014 0.000000 0.000000 0.000000 1.000000
0.992273 0.065652 0.105286 4.177377 -0.000117 0.849042 -0.528325 69.412704 -0.124078 0.524230 0.842489 204.362122 0.000000 0.000000 0.000000 1.000000
0.993428 0.056827 0.099351 4.017280 0.003040 0.854628 -0.519233 68.526115 -0.114415 0.516123 0.848838 203.291870 0.000000 0.000000 0.000000 1.000000
0.994795 0.044570 0.091635 3.854644 0.007723 0.863706 -0.503937 67.784584 -0.101606 0.502022 0.858866 201.701675 0.000000 0.000000 0.000000 1.000000
0.996433 0.027757 0.079694 3.665639 0.014365 0.874786 -0.484297 67.281403 -0.083158 0.483715 0.871266 199.824814 0.000000 0.000000 0.000000 1.000000
0.997922 0.006631 0.064098 3.489667 0.023844 0.886093 -0.462893 66.972565 -0.059867 0.463459 0.884094 197.830093 0.000000 0.000000 0.000000 1.000000
0.998570 -0.020171 0.049503 3.340954 0.039713 0.899837 -0.434415 66.877487 -0.035782 0.435759 0.899352 195.956680 0.000000 0.000000 0.000000 1.000000
0.998295 -0.049137 0.031510 3.248489 0.057681 0.913226 -0.403350 67.150002 -0.008956 0.404480 0.914503 194.514145 0.000000 0.000000 0.000000 1.000000
0.997271 -0.073141 0.010052 3.205420 0.071584 0.924638 -0.374059 67.967377 0.018065 0.373757 0.927351 193.643585 0.000000 0.000000 0.000000 1.000000
0.995837 -0.090550 -0.010417 3.184548 0.081520 0.935946 -0.342578 69.222778 0.040770 0.340303 0.939432 193.372406 0.000000 0.000000 0.000000 1.000000
0.994025 -0.102279 -0.038110 3.235111 0.085510 0.946730 -0.310468 71.077454 0.067834 0.305354 0.949820 193.599030 0.000000 0.000000 0.000000 1.000000
0.990427 -0.115245 -0.075975 3.366858 0.090003 0.956479 -0.277574 73.335442 0.104657 0.268079 0.957696 194.343994 0.000000 0.000000 0.000000 1.000000
0.984559 -0.123826 -0.123737 3.718606 0.091979 0.967348 -0.236173 75.332390 0.148941 0.221145 0.963801 195.364166 0.000000 0.000000 0.000000 1.000000
0.976564 -0.119261 -0.179161 4.287268 0.084181 0.977775 -0.192015 77.065384 0.198079 0.172433 0.964900 196.948425 0.000000 0.000000 0.000000 1.000000
0.965082 -0.104702 -0.240114 4.938681 0.067454 0.985065 -0.158421 78.736023 0.253115 0.136692 0.957731 199.618240 0.000000 0.000000 0.000000 1.000000
0.948442 -0.071563 -0.308767 5.854451 0.035959 0.992182 -0.119503 80.395447 0.314905 0.102239 0.943600 202.895782 0.000000 0.000000 0.000000 1.000000
0.926438 -0.038278 -0.374497 6.782230 0.010749 0.997101 -0.075324 82.109818 0.376295 0.065758 0.924164 206.546371 0.000000 0.000000 0.000000 1.000000
0.901632 -0.032426 -0.431286 7.220577 0.016139 0.999013 -0.041372 83.948875 0.432202 0.030342 0.901266 210.487289 0.000000 0.000000 0.000000 1.000000
0.874829 -0.045448 -0.482295 7.315373 0.043575 0.998936 -0.015092 85.940331 0.482468 -0.007813 0.875879 214.473999 0.000000 0.000000 0.000000 1.000000
0.846686 -0.059465 -0.528759 7.317035 0.072962 0.997324 0.004673 88.076187 0.527066 -0.042536 0.848759 218.478683 0.000000 0.000000 0.000000 1.000000
0.817023 -0.066258 -0.572786 7.438835 0.093351 0.995470 0.018004 90.298561 0.568999 -0.068180 0.819507 222.596741 0.000000 0.000000 0.000000 1.000000
0.785378 -0.066266 -0.615459 7.781375 0.103746 0.994281 0.025336 92.091606 0.610260 -0.083750 0.787762 226.886780 0.000000 0.000000 0.000000 1.000000
0.749558 -0.062666 -0.658966 8.319433 0.109263 0.993566 0.029798 93.192513 0.652859 -0.094336 0.751582 231.258286 0.000000 0.000000 0.000000 1.000000
0.706366 -0.054825 -0.705720 9.073769 0.111208 0.993210 0.034150 93.567787 0.699056 -0.102604 0.707667 235.714127 0.000000 0.000000 0.000000 1.000000
0.656909 -0.042273 -0.752784 9.983888 0.108631 0.993316 0.039016 93.195007 0.746103 -0.107406 0.657110 240.095078 0.000000 0.000000 0.000000 1.000000
0.601461 -0.023134 -0.798567 11.043085 0.102491 0.993555 0.048412 92.036560 0.792300 -0.110964 0.599956 244.350037 0.000000 0.000000 0.000000 1.000000
0.541759 0.002079 -0.840531 12.331617 0.096726 0.993199 0.064801 90.381836 0.834950 -0.116408 0.537874 248.382217 0.000000 0.000000 0.000000 1.000000
0.488846 0.037261 -0.871574 13.818493 0.092946 0.991176 0.094505 88.127716 0.867404 -0.127207 0.481069 251.861633 0.000000 0.000000 0.000000 1.000000
0.465096 0.060034 -0.883222 15.139985 0.091543 0.989088 0.115435 85.697121 0.880515 -0.134541 0.454525 254.597382 0.000000 0.000000 0.000000 1.000000
0.452308 0.062549 -0.889666 16.114515 0.085204 0.989944 0.112918 83.722710 0.887782 -0.126877 0.442431 256.892059 0.000000 0.000000 0.000000 1.000000
0.427110 0.068180 -0.901626 17.012266 0.079060 0.990518 0.112354 81.992813 0.900737 -0.119270 0.417670 258.624176 0.000000 0.000000 0.000000 1.000000
0.403835 0.073386 -0.911883 17.823071 0.078372 0.990338 0.114408 80.603958 0.911469 -0.117668 0.394182 259.470184 0.000000 0.000000 0.000000 1.000000
0.392095 0.068304 -0.917386 18.410204 0.076770 0.991332 0.106621 79.872498 0.916716 -0.112233 0.383452 259.657745 0.000000 0.000000 0.000000 1.000000
0.386556 0.061340 -0.920224 18.817730 0.073186 0.992599 0.096908 79.633881 0.919357 -0.104808 0.379206 259.319458 0.000000 0.000000 0.000000 1.000000
0.384042 0.051045 -0.921903 18.982788 0.071199 0.993860 0.084689 79.818100 0.920566 -0.098163 0.378050 258.522095 0.000000 0.000000 0.000000 1.000000
0.385607 0.036892 -0.921925 18.876926 0.070931 0.995058 0.069486 80.410995 0.919932 -0.092187 0.381085 257.444275 0.000000 0.000000 0.000000 1.000000
0.389285 0.028849 -0.920665 18.660383 0.069934 0.995699 0.060771 81.172630 0.918459 -0.088043 0.385593 256.126648 0.000000 0.000000 0.000000 1.000000
0.393429 0.026127 -0.918984 18.369322 0.067998 0.996031 0.057429 81.988235 0.916837 -0.085084 0.390091 254.682755 0.000000 0.000000 0.000000 1.000000
0.399542 0.023908 -0.916403 17.972548 0.066425 0.996277 0.054952 82.814117 0.914305 -0.082827 0.396466 253.246582 0.000000 0.000000 0.000000 1.000000
0.407806 0.023812 -0.912758 17.551056 0.065240 0.996345 0.055141 83.564209 0.910735 -0.082035 0.404762 251.861557 0.000000 0.000000 0.000000 1.000000
0.415333 0.025054 -0.909324 17.148537 0.063996 0.996339 0.056681 84.236435 0.907415 -0.081734 0.412210 250.616791 0.000000 0.000000 0.000000 1.000000
0.420725 0.024645 -0.906854 16.775505 0.063101 0.996415 0.056354 84.827110 0.904991 -0.080932 0.417661 249.600861 0.000000 0.000000 0.000000 1.000000
0.424360 0.024261 -0.905169 16.470259 0.061829 0.996531 0.055697 85.328491 0.903380 -0.079602 0.421388 248.824203 0.000000 0.000000 0.000000 1.000000
0.427939 0.024386 -0.903478 16.249783 0.060522 0.996619 0.055567 85.753387 0.901779 -0.078459 0.425017 248.299789 0.000000 0.000000 0.000000 1.000000
0.431694 0.022908 -0.901729 16.103315 0.060516 0.996690 0.054291 86.096359 0.899988 -0.078006 0.428879 248.031738 0.000000 0.000000 0.000000 1.000000
0.433913 0.020962 -0.900711 16.037502 0.061868 0.996676 0.053000 86.337845 0.898828 -0.078722 0.431174 247.983917 0.000000 0.000000 0.000000 1.000000
0.435307 0.019579 -0.900069 16.057775 0.064526 0.996514 0.052884 86.501656 0.897967 -0.081099 0.432526 248.112442 0.000000 0.000000 0.000000 1.000000
0.435786 0.018229 -0.899866 16.143641 0.067473 0.996320 0.052858 86.630615 0.897517 -0.083752 0.432953 248.394272 0.000000 0.000000 0.000000 1.000000
0.434970 0.016952 -0.900285 16.275499 0.069810 0.996179 0.052486 86.748970 0.897735 -0.085679 0.432124 248.801849 0.000000 0.000000 0.000000 1.000000
0.434380 0.016364 -0.900581 16.350630 0.070835 0.996118 0.052266 86.808380 0.897940 -0.086497 0.431534 249.029968 0.000000 0.000000 0.000000 1.000000</float_array>
        <technique_common>
          <accessor source="#mixamorig_Hips-Matrix-animation-output-transform-array" count="115" stride="16">
            <param type="float4x4"/>
          </accessor>
        </technique_common>
      </source>
      <source id="mixamorig_Hips-Interpolations">
        <Name_array id="mixamorig_Hips-Interpolations-array" count="115">
 LINEAR LINEAR LINEAR LINEAR LINEAR LINEAR LINEAR LINEAR LINEAR LINEAR LINEAR
LINEAR LINEAR LINEAR LINEAR LINEAR LINEAR LINEAR LINEAR LINEAR LINEAR LINEAR LINEAR
LINEAR LINEAR LINEAR LINEAR LINEAR LINEAR LINEAR LINEAR LINEAR LINEAR LINEAR LINEAR
LINEAR LINEAR LINEAR LINEAR LINEAR LINEAR LINEAR LINEAR LINEAR LINEAR LINEAR LINEAR
LINEAR LINEAR LINEAR LINEAR LINEAR LINEAR LINEAR LINEAR LINEAR LINEAR LINEAR LINEAR
LINEAR LINEAR LINEAR LINEAR LINEAR LINEAR LINEAR LINEAR LINEAR LINEAR LINEAR LINEAR
LINEAR LINEAR LINEAR LINEAR LINEAR LINEAR LINEAR LINEAR LINEAR LINEAR LINEAR LINEAR
LINEAR LINEAR LINEAR LINEAR LINEAR LINEAR LINEAR LINEAR LINEAR LINEAR LINEAR LINEAR
LINEAR LINEAR LINEAR LINEAR LINEAR LINEAR LINEAR LINEAR LINEAR LINEAR LINEAR LINEAR
LINEAR LINEAR LINEAR LINEAR LINEAR LINEAR LINEAR LINEAR</Name_array>
        <technique_common>
          <accessor source="#mixamorig_Hips-Interpolations-array" count="115">
            <param type="name"/>
          </accessor>
        </technique_common>
      </source>
      <sampler id="mixamorig_Hips-Matrix-animation-transform">
        <input semantic="INPUT" source="#mixamorig_Hips-Matrix-animation-input"/>
        <input semantic="OUTPUT" source="#mixamorig_Hips-Matrix-animation-output-transform"/>
        <input semantic="INTERPOLATION" source="#mixamorig_Hips-Interpolations"/>
      </sampler>
      <channel source="#mixamorig_Hips-Matrix-animation-transform" target="mixamorig_Hips/matrix"/>
    </animation>
    <animation id="mixamorig_Spine-anim" name="mixamorig_Spine">
      <source id="mixamorig_Spine-Matrix-animation-input">
        <float_array id="mixamorig_Spine-Matrix-animation-input-array" count="115">

0.000000 0.033333 0.066667 0.100000 0.133333 0.166667 0.200000 0.233333 0.266667 0.300000 0.333333 0.366667 0.400000 0.433333 0.466667 0.500000
0.533333 0.566667 0.600000 0.633333 0.666667 0.700000 0.733333 0.766667 0.800000 0.833333 0.866667 0.900000 0.933333 0.966667 1.000000 1.033333
1.066667 1.100000 1.133333 1.166667 1.200000 1.233333 1.266667 1.300000 1.333333 1.366667 1.400000 1.433333 1.466667 1.500000 1.533333 1.566667
1.600000 1.633333 1.666667 1.700000 1.733333 1.766667 1.800000 1.833333 1.866667 1.900000 1.933333 1.966667 2.000000 2.033333 2.066667 2.100000
2.133333 2.166667 2.200000 2.233333 2.266667 2.300000 2.333333 2.366667 2.400000 2.433333 2.466667 2.500000 2.533333 2.566667 2.600000 2.633333
2.666667 2.700000 2.733333 2.766667 2.800000 2.833333 2.866667 2.900000 2.933333 2.966667 3.000000 3.033333 3.066667 3.100000 3.133333 3.166667
3.200000 3.233333 3.266667 3.300000 3.333333 3.366667 3.400000 3.433333 3.466667 3.500000 3.533333 3.566667 3.600000 3.633333 3.666667 3.700000
3.733333 3.766667 3.800000</float_array>
        <technique_common>
          <accessor source="#mixamorig_Spine-Matrix-animation-input-array" count="115">
            <param name="TIME" type="float"/>
          </accessor>
        </technique_common>
      </source>
      <source id="mixamorig_Spine-Matrix-animation-output-transform">
        <float_array id="mixamorig_Spine-Matrix-animation-output-transform-array" count="1840">

0.999978 -0.005343 0.004019 0.000000 0.006307 0.953247 -0.302128 8.536500 -0.002217 0.302147 0.953259 0.187100 0.000000 0.000000 0.000000 1.000000
0.999882 -0.012013 0.009577 0.000000 0.014293 0.955975 -0.293099 8.536500 -0.005635 0.293201 0.956034 0.187100 0.000000 0.000000 0.000000 1.000000
0.999690 -0.019435 0.015560 0.000000 0.023019 0.959629 -0.280326 8.536500 -0.009483 0.280598 0.959779 0.187100 0.000000 0.000000 0.000000 1.000000
0.999477 -0.024667 0.020915 0.000000 0.029469 0.961042 -0.274825 8.536500 -0.013321 0.275298 0.961267 0.187100 0.000000 0.000000 0.000000 1.000000
0.999389 -0.024642 0.024774 -0.000000 0.030734 0.957225 -0.287709 8.536500 -0.016625 0.288295 0.957397 0.187100 0.000000 0.000000 0.000000 1.000000
0.999446 -0.019059 0.027289 0.000000 0.026822 0.946626 -0.321216 8.536500 -0.019711 0.321770 0.946613 0.187100 0.000000 0.000000 0.000000 1.000000
0.999550 -0.009756 0.028360 0.000000 0.019500 0.929848 -0.367426 8.536500 -0.022786 0.367813 0.929620 0.187100 0.000000 0.000000 0.000000 1.000000
0.999610 0.001230 0.027887 0.000000 0.010623 0.907102 -0.420776 8.536500 -0.025813 0.420909 0.906736 0.187100 0.000000 0.000000 0.000000 1.000000
0.999588 0.011788 0.026164 0.000000 0.002086 0.879472 -0.475947 8.536500 -0.028621 0.475805 0.879085 0.187100 0.000000 0.000000 0.000000 1.000000
0.999515 0.020002 0.023858 -0.000000 -0.004390 0.849201 -0.528052 8.536500 -0.030823 0.527691 0.848877 0.187100 0.000000 0.000000 0.000000 1.000000
0.999493 0.022771 0.022275 0.000000 -0.005983 0.821035 -0.570846 8.536500 -0.031288 0.570423 0.820755 0.187100 0.000000 0.000000 0.000000 1.000000
0.999438 0.025426 0.021828 0.000000 -0.007204 0.799176 -0.601054 8.536500 -0.032727 0.600559 0.798910 0.187100 0.000000 0.000000 0.000000 1.000000
0.999305 0.028417 0.024108 0.000000 -0.007305 0.783747 -0.621037 8.536500 -0.036542 0.620429 0.783411 0.187100 0.000000 0.000000 0.000000 1.000000
0.999220 0.026909 0.028909 0.000000 -0.002862 0.779383 -0.626541 8.536500 -0.039390 0.625969 0.778852 0.187100 0.000000 0.000000 0.000000 1.000000
0.999186 0.024048 0.032376 0.000000 0.001849 0.774604 -0.632444 8.536500 -0.040288 0.631989 0.773929 0.187100 0.000000 0.000000 0.000000 1.000000
0.999188 0.021382 0.034137 -0.000000 0.004926 0.776268 -0.630384 8.536500 -0.039978 0.630040 0.775533 0.187100 0.000000 0.000000 0.000000 1.000000
0.999216 0.014080 0.037000 0.000000 0.011106 0.797377 -0.603379 8.536500 -0.037998 0.603317 0.796596 0.187100 0.000000 0.000000 0.000000 1.000000
0.999336 0.009464 0.035199 0.000000 0.011059 0.841442 -0.540234 8.536500 -0.034730 0.540264 0.840778 0.187100 0.000000 0.000000 0.000000 1.000000
0.999534 0.010796 0.028550 0.000000 0.003315 0.891436 -0.453134 8.536500 -0.030343 0.453017 0.890985 0.187100 0.000000 0.000000 0.000000 1.000000
0.999309 0.031656 0.019466 -0.000000 -0.022709 0.934806 -0.354431 8.536500 -0.029416 0.353744 0.934880 0.187100 0.000000 0.000000 0.000000 1.000000
0.998615 0.047929 0.021693 0.000000 -0.040939 0.966918 -0.251780 8.536500 -0.033043 0.250543 0.967541 0.187100 0.000000 0.000000 0.000000 1.000000
0.998347 0.049620 0.029000 0.000000 -0.044675 0.987437 -0.151567 8.536500 -0.036156 0.150021 0.988021 0.187100 0.000000 0.000000 0.000000 1.000000
0.998511 0.043530 0.032871 0.000000 -0.041392 0.997145 -0.063148 8.536500 -0.035526 0.061693 0.997463 0.187100 0.000000 0.000000 0.000000 1.000000
0.998924 0.034626 0.030853 -0.000000 -0.034674 0.999398 0.001014 8.536500 -0.030799 -0.002083 0.999523 0.187100 0.000000 0.000000 0.000000 1.000000
0.999434 0.024703 0.022841 -0.000000 -0.025485 0.999076 0.034618 8.536500 -0.021965 -0.035180 0.999140 0.187100 0.000000 0.000000 0.000000 1.000000
0.999777 0.016704 0.012899 0.000000 -0.017470 0.997941 0.061712 8.536500 -0.011841 -0.061924 0.998011 0.187100 0.000000 0.000000 0.000000 1.000000
0.999904 0.012797 0.005401 0.000000 -0.013228 0.995912 0.089355 8.536500 -0.004235 -0.089418 0.995985 0.187100 0.000000 0.000000 0.000000 1.000000
0.999932 0.011683 0.000217 0.000000 -0.011632 0.993456 0.113621 8.536500 0.001112 -0.113615 0.993524 0.187100 0.000000 0.000000 0.000000 1.000000
0.999934 0.011126 -0.002937 0.000000 -0.010650 0.991454 0.130020 8.536500 0.004359 -0.129980 0.991507 0.187100 0.000000 0.000000 0.000000 1.000000
0.999933 0.010216 -0.005509 0.000000 -0.009364 0.990510 0.137119 8.536500 0.006858 -0.137058 0.990539 0.187100 0.000000 0.000000 0.000000 1.000000
0.999913 0.011547 -0.006351 0.000000 -0.010586 0.990808 0.134857 8.536500 0.007850 -0.134778 0.990845 0.187100 0.000000 0.000000 0.000000 1.000000
0.999884 0.014765 -0.003615 -0.000000 -0.014182 0.991693 0.127843 8.536500 0.005472 -0.127777 0.991788 0.187100 0.000000 0.000000 0.000000 1.000000
0.999828 0.018526 -0.000898 0.000000 -0.018291 0.992864 0.117843 8.536500 0.003075 -0.117806 0.993032 0.187100 0.000000 0.000000 0.000000 1.000000
0.999748 0.022309 0.002540 -0.000000 -0.022452 0.994101 0.106109 8.536500 -0.000158 -0.106139 0.994351 0.187100 0.000000 0.000000 0.000000 1.000000
0.999626 0.026394 0.007130 0.000000 -0.026950 0.995158 0.094516 8.536500 -0.004601 -0.094673 0.995498 0.187100 0.000000 0.000000 0.000000 1.000000
0.999522 0.029482 0.009284 0.000000 -0.030164 0.995942 0.084793 8.536500 -0.006747 -0.085032 0.996355 0.187100 0.000000 0.000000 0.000000 1.000000
0.999466 0.031518 0.008677 0.000000 -0.032096 0.996474 0.077517 8.536500 -0.006204 -0.077754 0.996953 0.187100 0.000000 0.000000 0.000000 1.000000
0.999327 0.035679 0.008473 -0.000000 -0.036194 0.996785 0.071477 8.536500 -0.005895 -0.071736 0.997406 0.187100 0.000000 0.000000 0.000000 1.000000
0.999162 0.040308 0.007074 0.000000 -0.040680 0.997102 0.064287 8.536500 -0.004462 -0.064521 0.997906 0.187100 0.000000 0.000000 0.000000 1.000000
0.999058 0.043218 0.003992 0.000000 -0.043371 0.997575 0.054435 8.536500 -0.001630 -0.054557 0.998509 0.187100 0.000000 0.000000 0.000000 1.000000
0.999056 0.043451 -0.000113 0.000000 -0.043405 0.998109 0.043515 8.536500 0.002003 -0.043469 0.999053 0.187100 0.000000 0.000000 0.000000 1.000000
0.999075 0.042763 -0.004633 0.000000 -0.042572 0.998460 0.035572 8.536500 0.006147 -0.035342 0.999356 0.187100 0.000000 0.000000 0.000000 1.000000
0.999008 0.043269 -0.010514 0.000000 -0.042910 0.998559 0.032232 8.536500 0.011893 -0.031749 0.999425 0.187100 0.000000 0.000000 0.000000 1.000000
0.998921 0.043006 -0.017522 0.000000 -0.042517 0.998719 0.027419 8.536500 0.018679 -0.026645 0.999470 0.187100 0.000000 0.000000 0.000000 1.000000
0.999061 0.036201 -0.023822 -0.000000 -0.036022 0.999320 0.007902 8.536500 0.024092 -0.007036 0.999685 0.187100 0.000000 0.000000 0.000000 1.000000
0.999399 0.024495 -0.024522 0.000000 -0.025427 0.998937 -0.038438 8.536500 0.023554 0.039039 0.998960 0.187100 0.000000 0.000000 0.000000 1.000000
0.999662 0.011731 -0.023188 0.000000 -0.014266 0.993564 -0.112368 8.536500 0.021721 0.112661 0.993396 0.187100 0.000000 0.000000 0.000000 1.000000
0.999759 0.002054 -0.021864 0.000000 -0.006384 0.979803 -0.199865 8.536500 0.021012 0.199956 0.979579 0.187100 0.000000 0.000000 0.000000 1.000000
0.999752 -0.005375 -0.021600 0.000000 -0.000882 0.960076 -0.279737 8.536500 0.022241 0.279687 0.959834 0.187100 0.000000 0.000000 0.000000 1.000000
0.999709 -0.010898 -0.021508 0.000000 0.003019 0.941580 -0.336775 8.536500 0.023922 0.336613 0.941339 0.187100 0.000000 0.000000 0.000000 1.000000
0.999690 -0.015769 -0.019270 0.000000 0.007628 0.930637 -0.365865 8.536500 0.023703 0.365605 0.930468 0.187100 0.000000 0.000000 0.000000 1.000000
0.999678 -0.018304 -0.017562 0.000000 0.010380 0.926890 -0.375190 8.536500 0.023145 0.374887 0.926782 0.187100 0.000000 0.000000 0.000000 1.000000
0.999705 -0.017693 -0.016615 0.000000 0.010206 0.927542 -0.373579 8.536500 0.022021 0.373299 0.927450 0.187100 0.000000 0.000000 0.000000 1.000000
0.999755 -0.015679 -0.015625 0.000000 0.008901 0.931052 -0.364777 8.536500 0.020267 0.364549 0.930964 0.187100 0.000000 0.000000 0.000000 1.000000
0.999810 -0.013081 -0.014483 0.000000 0.007154 0.936112 -0.351628 8.536500 0.018157 0.351457 0.936028 0.187100 0.000000 0.000000 0.000000 1.000000
0.999856 -0.010644 -0.013190 -0.000000 0.005587 0.941691 -0.336432 8.536500 0.016002 0.336310 0.941615 0.187100 0.000000 0.000000 0.000000 1.000000
0.999893 -0.008504 -0.011888 0.000000 0.004236 0.947023 -0.321139 8.536500 0.013990 0.321054 0.946958 0.187100 0.000000 0.000000 0.000000 1.000000
0.999917 -0.006840 -0.010939 0.000000 0.003139 0.951394 -0.307960 8.536500 0.012513 0.307900 0.951336 0.187100 0.000000 0.000000 0.000000 1.000000
0.999927 -0.005658 -0.010638 -0.000000 0.002216 0.954180 -0.299224 8.536500 0.011843 0.299179 0.954124 0.187100 0.000000 0.000000 0.000000 1.000000
0.999915 -0.004787 -0.012150 0.000000 0.001016 0.956101 -0.293035 8.536500 0.013019 0.292997 0.956025 0.187100 0.000000 0.000000 0.000000 1.000000
0.999903 -0.004457 -0.013178 -0.000000 0.000510 0.958392 -0.285456 8.536500 0.013902 0.285422 0.958301 0.187100 0.000000 0.000000 0.000000 1.000000
0.999906 -0.004587 -0.012887 0.000000 0.000849 0.961110 -0.276164 8.536500 0.013652 0.276128 0.961024 0.187100 0.000000 0.000000 0.000000 1.000000
0.999910 -0.004839 -0.012542 0.000000 0.001307 0.963534 -0.267581 8.536500 0.013379 0.267541 0.963454 0.187100 0.000000 0.000000 0.000000 1.000000
0.999903 -0.004939 -0.012995 -0.000000 0.001356 0.964957 -0.262406 8.536500 0.013836 0.262363 0.964870 0.187100 0.000000 0.000000 0.000000 1.000000
0.999889 -0.004671 -0.014141 -0.000000 0.000815 0.965277 -0.261227 8.536500 0.014871 0.261186 0.965174 0.187100 0.000000 0.000000 0.000000 1.000000
0.999875 -0.004221 -0.015249 0.000000 0.000078 0.965054 -0.262052 8.536500 0.015823 0.262018 0.964933 0.187100 0.000000 0.000000 0.000000 1.000000
0.999872 -0.003945 -0.015481 0.000000 -0.000257 0.964923 -0.262535 8.536500 0.015974 0.262505 0.964798 0.187100 0.000000 0.000000 0.000000 1.000000
0.999884 -0.004186 -0.014649 0.000000 0.000201 0.965062 -0.262022 8.536500 0.015234 0.261989 0.964951 0.187100 0.000000 0.000000 0.000000 1.000000
0.999900 -0.004235 -0.013473 0.000000 0.000573 0.965358 -0.260928 8.536500 0.014111 0.260894 0.965264 0.187100 0.000000 0.000000 0.000000 1.000000
0.999910 -0.002984 -0.013052 0.000000 -0.000501 0.965834 -0.259163 8.536500 0.013379 0.259146 0.965745 0.187100 0.000000 0.000000 0.000000 1.000000
0.999899 0.000151 -0.014240 0.000000 -0.003793 0.966644 -0.256097 8.536500 0.013726 0.256125 0.966546 0.187100 0.000000 0.000000 0.000000 1.000000
0.999837 0.005329 -0.017242 0.000000 -0.009493 0.967842 -0.251378 8.536500 0.015348 0.251501 0.967735 0.187100 0.000000 0.000000 0.000000 1.000000
0.999707 0.011575 -0.021265 0.000000 -0.016439 0.969333 -0.245202 8.536500 0.017775 0.245480 0.969239 0.187100 0.000000 0.000000 0.000000 1.000000
0.999534 0.017061 -0.025309 0.000000 -0.022602 0.970986 -0.238066 8.536500 0.020513 0.238527 0.970919 0.187100 0.000000 0.000000 0.000000 1.000000
0.999377 0.020736 -0.028568 0.000000 -0.026770 0.972718 -0.230441 8.536500 0.023011 0.231063 0.972667 0.187100 0.000000 0.000000 0.000000 1.000000
0.999287 0.022957 -0.029981 0.000000 -0.029071 0.974421 -0.222844 8.536500 0.024098 0.223556 0.974393 0.187100 0.000000 0.000000 0.000000 1.000000
0.999227 0.026052 -0.029444 0.000000 -0.031804 0.975916 -0.215818 8.536500 0.023112 0.216588 0.975990 0.187100 0.000000 0.000000 0.000000 1.000000
0.999275 0.027308 -0.026524 0.000000 -0.032262 0.977325 -0.209270 8.536500 0.020208 0.209975 0.977498 0.187100 0.000000 0.000000 0.000000 1.000000
0.999543 0.021747 -0.021001 0.000000 -0.025544 0.979072 -0.201903 8.536500 0.016170 0.202347 0.979180 0.187100 0.000000 0.000000 0.000000 1.000000
0.999904 0.005413 -0.012768 -0.000000 -0.007772 0.981239 -0.192639 8.536500 0.011485 0.192719 0.981187 0.187100 0.000000 0.000000 0.000000 1.000000
0.999797 -0.019916 -0.002979 0.000000 0.019040 0.983085 -0.182157 8.536500 0.006556 0.182064 0.983265 0.187100 0.000000 0.000000 0.000000 1.000000
0.999219 -0.039309 0.004124 -0.000000 0.039432 0.984251 -0.172320 8.536500 0.002714 0.172348 0.985032 0.187100 0.000000 0.000000 0.000000 1.000000
0.999283 -0.037498 0.005138 0.000000 0.037833 0.985664 -0.164423 8.536500 0.001101 0.164500 0.986376 0.187100 0.000000 0.000000 0.000000 1.000000
0.999874 -0.015766 0.001588 0.000000 0.015818 0.987303 -0.158058 8.536500 0.000924 0.158064 0.987429 0.187100 0.000000 0.000000 0.000000 1.000000
0.999924 0.012034 -0.002563 0.000000 -0.012284 0.988282 -0.152144 8.536500 0.000702 0.152164 0.988355 0.187100 0.000000 0.000000 0.000000 1.000000
0.999426 0.033554 -0.004673 0.000000 -0.033876 0.988686 -0.146127 8.536500 -0.000283 0.146202 0.989255 0.187100 0.000000 0.000000 0.000000 1.000000
0.998924 0.046156 -0.004569 0.000000 -0.046341 0.989071 -0.139968 8.536500 -0.001942 0.140029 0.990145 0.187100 0.000000 0.000000 0.000000 1.000000
0.998618 0.052479 -0.002791 0.000000 -0.052380 0.989630 -0.133752 8.536500 -0.004258 0.133714 0.991011 0.187100 0.000000 0.000000 0.000000 1.000000
0.998594 0.053006 0.000883 0.000000 -0.052463 0.990473 -0.127325 8.536500 -0.007624 0.127100 0.991861 0.187100 0.000000 0.000000 0.000000 1.000000
0.998729 0.050084 0.005577 0.000000 -0.049048 0.991491 -0.120586 8.536500 -0.011569 0.120159 0.992687 0.187100 0.000000 0.000000 0.000000 1.000000
0.998903 0.045642 0.010513 -0.000000 -0.044141 0.992435 -0.114558 8.536500 -0.015662 0.113968 0.993361 0.187100 0.000000 0.000000 0.000000 1.000000
0.999019 0.042217 0.013393 -0.000000 -0.040472 0.992987 -0.111079 8.536500 -0.017989 0.110428 0.993721 0.187100 0.000000 0.000000 0.000000 1.000000
0.999127 0.039805 0.012668 0.000000 -0.038162 0.993124 -0.110673 8.536500 -0.016987 0.110093 0.993776 0.187100 0.000000 0.000000 0.000000 1.000000
0.999272 0.036837 0.009886 -0.000000 -0.035501 0.993083 -0.111915 8.536500 -0.013940 0.111483 0.993669 0.187100 0.000000 0.000000 0.000000 1.000000
0.999435 0.032382 0.009053 0.000000 -0.031147 0.993041 -0.113575 8.536500 -0.012668 0.113229 0.993488 0.187100 0.000000 0.000000 0.000000 1.000000
0.999504 0.029333 0.011472 0.000000 -0.027810 0.992880 -0.115825 8.536500 -0.014788 0.115448 0.993203 0.187100 0.000000 0.000000 0.000000 1.000000
0.999454 0.029688 0.014471 -0.000000 -0.027762 0.992532 -0.118786 8.536500 -0.017890 0.118319 0.992814 0.187100 0.000000 0.000000 0.000000 1.000000
0.999381 0.031285 0.016100 0.000000 -0.029099 0.992152 -0.121608 8.536500 -0.019778 0.121064 0.992448 0.187100 0.000000 0.000000 0.000000 1.000000
0.999326 0.032795 0.016478 0.000000 -0.030516 0.991885 -0.123418 8.536500 -0.020392 0.122832 0.992218 0.187100 0.000000 0.000000 0.000000 1.000000
0.999270 0.034600 0.016204 0.000000 -0.032329 0.991752 -0.124029 8.536500 -0.020361 0.123415 0.992146 0.187100 0.000000 0.000000 0.000000 1.000000
0.999200 0.036869 0.015495 0.000000 -0.034672 0.991696 -0.123844 8.536500 -0.019932 0.123208 0.992181 0.187100 0.000000 0.000000 0.000000 1.000000
0.999133 0.038999 0.014541 -0.000000 -0.036910 0.991662 -0.123470 8.536500 -0.019235 0.122827 0.992242 0.187100 0.000000 0.000000 0.000000 1.000000
0.999087 0.040571 0.013405 0.000000 -0.038615 0.991631 -0.123192 8.536500 -0.018291 0.122562 0.992292 0.187100 0.000000 0.000000 0.000000 1.000000
0.999063 0.041539 0.012111 0.000000 -0.039739 0.991618 -0.122939 8.536500 -0.017117 0.122343 0.992340 0.187100 0.000000 0.000000 0.000000 1.000000
0.999060 0.042003 0.010758 0.000000 -0.040371 0.991634 -0.122606 8.536500 -0.015818 0.122057 0.992397 0.187100 0.000000 0.000000 0.000000 1.000000
0.999075 0.041916 0.009555 0.000000 -0.040439 0.991697 -0.122072 8.536500 -0.014593 0.121573 0.992475 0.187100 0.000000 0.000000 0.000000 1.000000
0.999113 0.041210 0.008679 0.000000 -0.039857 0.991824 -0.121232 8.536500 -0.013604 0.120779 0.992586 0.187100 0.000000 0.000000 0.000000 1.000000
0.999170 0.039932 0.008071 0.000000 -0.038675 0.992002 -0.120155 8.536500 -0.012804 0.119743 0.992722 0.187100 0.000000 0.000000 0.000000 1.000000
0.999242 0.038183 0.007554 0.000000 -0.037014 0.992202 -0.119015 8.536500 -0.012039 0.118645 0.992864 0.187100 0.000000 0.000000 0.000000 1.000000
0.999316 0.036307 0.007026 0.000000 -0.035226 0.992391 -0.117980 8.536500 -0.011256 0.117652 0.992991 0.187100 0.000000 0.000000 0.000000 1.000000
0.999380 0.034594 0.006612 0.000000 -0.033582 0.992539 -0.117211 8.536500 -0.010618 0.116916 0.993085 0.187100 0.000000 0.000000 0.000000 1.000000
0.999428 0.033194 0.006497 0.000000 -0.032210 0.992636 -0.116774 8.536500 -0.010325 0.116498 0.993137 0.187100 0.000000 0.000000 0.000000 1.000000
0.999464 0.032073 0.006562 0.000000 -0.031090 0.992697 -0.116558 8.536500 -0.010252 0.116291 0.993162 0.187100 0.000000 0.000000 0.000000 1.000000
0.999492 0.031164 0.006637 -0.000000 -0.030181 0.992744 -0.116397 8.536500 -0.010216 0.116138 0.993181 0.187100 0.000000 0.000000 0.000000 1.000000
0.999504 0.030765 0.006679 -0.000000 -0.029780 0.992766 -0.116316 8.536500 -0.010209 0.116060 0.993190 0.187100 0.000000 0.000000 0.000000 1.000000</float_array>
        <technique_common>
          <accessor source="#mixamorig_Spine-Matrix-animation-output-transform-array" count="115" stride="16">
