<?xml version="1.0" encoding="utf-8"?>
<COLLADA xmlns="http://www.collada.org/2005/11/COLLADASchema" version="1.4.1">
  <asset>
    <contributor>
      <author>Mixamo</author>
      <authoring_tool>COLLADA Mixamo exporter</authoring_tool>
      <comments/>
    </contributor>
    <created>2022-10-19T09:08:44Z</created>
    <modified>2022-10-19T09:08:44Z</modified>
    <revision/>
    <title/>
    <unit meter="0.010000"/>
    <up_axis>Y_UP</up_axis>
  </asset>
  <library_animations>
    <animation id="mixamorig_Hips-anim" name="mixamorig_Hips">
      <source id="mixamorig_Hips-Matrix-animation-input">
        <float_array id="mixamorig_Hips-Matrix-animation-input-array" count="122">

0.000000 0.033333 0.066667 0.100000 0.133333 0.166667 0.200000 0.233333 0.266667 0.300000 0.333333 0.366667 0.400000 0.433333 0.466667 0.500000
0.533333 0.566667 0.600000 0.633333 0.666667 0.700000 0.733333 0.766667 0.800000 0.833333 0.866667 0.900000 0.933333 0.966667 1.000000 1.033333
1.066667 1.100000 1.133333 1.166667 1.200000 1.233333 1.266667 1.300000 1.333333 1.366667 1.400000 1.433333 1.466667 1.500000 1.533333 1.566667
1.600000 1.633333 1.666667 1.700000 1.733333 1.766667 1.800000 1.833333 1.866667 1.900000 1.933333 1.966667 2.000000 2.033333 2.066667 2.100000
2.133333 2.166667 2.200000 2.233333 2.266667 2.300000 2.333333 2.366667 2.400000 2.433333 2.466667 2.500000 2.533333 2.566667 2.600000 2.633333
2.666667 2.700000 2.733333 2.766667 2.800000 2.833333 2.866667 2.900000 2.933333 2.966667 3.000000 3.033333 3.066667 3.100000 3.133333 3.166667
3.200000 3.233333 3.266667 3.300000 3.333333 3.366667 3.400000 3.433333 3.466667 3.500000 3.533333 3.566667 3.600000 3.633333 3.666667 3.700000
3.733333 3.766667 3.800000 3.833333 3.866667 3.900000 3.933333 3.966667 4.000000 4.033333</float_array>
        <technique_common>
          <accessor source="#mixamorig_Hips-Matrix-animation-input-array" count="122">
            <param name="TIME" type="float"/>
          </accessor>
        </technique_common>
      </source>
      <source id="mixamorig_Hips-Matrix-animation-output-transform">
        <float_array id="mixamorig_Hips-Matrix-animation-output-transform-array" count="1952">

0.918770 0.024528 0.394029 -0.499925 0.005916 0.997101 -0.075863 105.958374 -0.394748 0.072031 0.915962 -3.419896 0.000000 0.000000 0.000000 1.000000
0.924802 0.029714 0.379286 0.017846 -0.001117 0.997153 -0.075395 105.791092 -0.380446 0.069302 0.922203 -2.885945 0.000000 0.000000 0.000000 1.000000
0.934238 0.034080 0.355018 0.682090 -0.008401 0.997251 -0.073625 105.637878 -0.356551 0.065801 0.931956 -2.212342 0.000000 0.000000 0.000000 1.000000
0.947101 0.038267 0.318645 1.532970 -0.016347 0.997329 -0.071185 105.435051 -0.320518 0.062211 0.945197 -1.424082 0.000000 0.000000 0.000000 1.000000
0.962649 0.039409 0.267868 2.578747 -0.022261 0.997521 -0.066756 105.186722 -0.269835 0.058300 0.961140 -0.547722 0.000000 0.000000 0.000000 1.000000
0.979258 0.034289 0.199694 3.853882 -0.023342 0.998106 -0.056920 104.890472 -0.201268 0.051078 0.978204 0.394852 0.000000 0.000000 0.000000 1.000000
0.993536 0.023274 0.111106 5.390513 -0.018967 0.999033 -0.039666 104.526573 -0.111922 0.037302 0.993017 1.358549 0.000000 0.000000 0.000000 1.000000
0.999925 0.012158 0.001358 7.207372 -0.012132 0.999770 -0.017681 103.965759 -0.001573 0.017663 0.999843 2.340394 0.000000 0.000000 0.000000 1.000000
0.992260 0.006071 -0.124031 9.248394 -0.005849 0.999981 0.002153 103.048462 0.124041 -0.001411 0.992276 3.386938 0.000000 0.000000 0.000000 1.000000
0.967618 0.004634 -0.252378 11.423606 -0.001483 0.999919 0.012671 101.718391 0.252416 -0.011886 0.967546 4.538074 0.000000 0.000000 0.000000 1.000000
0.930201 0.005527 -0.367008 13.654620 -0.001480 0.999935 0.011308 100.089539 0.367046 -0.009976 0.930149 5.741711 0.000000 0.000000 0.000000 1.000000
0.891951 0.010547 -0.452008 15.981421 -0.010217 0.999943 0.003171 98.245468 0.452016 0.001789 0.892008 7.015486 0.000000 0.000000 0.000000 1.000000
0.865063 0.023535 -0.501110 18.268488 -0.028570 0.999589 -0.002373 96.470444 0.500849 0.016369 0.865380 8.113883 0.000000 0.000000 0.000000 1.000000
0.854193 0.039784 -0.518432 20.280083 -0.049513 0.998761 -0.004936 95.101173 0.517594 0.029886 0.855104 8.908112 0.000000 0.000000 0.000000 1.000000
0.854485 0.049149 -0.517146 21.812210 -0.065952 0.997722 -0.014152 94.422760 0.515273 0.046199 0.855780 9.360006 0.000000 0.000000 0.000000 1.000000
0.859251 0.046712 -0.509418 22.830240 -0.076319 0.996383 -0.037365 94.495506 0.505830 0.070984 0.859708 9.495715 0.000000 0.000000 0.000000 1.000000
0.866011 0.038040 -0.498576 23.477118 -0.083845 0.994032 -0.069794 95.096931 0.492945 0.102245 0.864032 9.379111 0.000000 0.000000 0.000000 1.000000
0.874900 0.031616 -0.483270 23.934237 -0.090668 0.990917 -0.099316 95.907440 0.475740 0.130708 0.869820 9.085004 0.000000 0.000000 0.000000 1.000000
0.884649 0.030120 -0.465283 24.304501 -0.095948 0.988313 -0.118450 96.689621 0.456278 0.149430 0.877201 8.683006 0.000000 0.000000 0.000000 1.000000
0.892880 0.031192 -0.449213 24.613754 -0.099135 0.986738 -0.128532 97.327721 0.439246 0.159296 0.884131 8.234694 0.000000 0.000000 0.000000 1.000000
0.898703 0.032863 -0.437324 24.868608 -0.101416 0.985733 -0.134336 97.793526 0.426670 0.165080 0.889214 7.795547 0.000000 0.000000 0.000000 1.000000
0.902845 0.034803 -0.428555 25.084845 -0.103691 0.984925 -0.138461 98.103607 0.417276 0.169446 0.892843 7.408278 0.000000 0.000000 0.000000 1.000000
0.905967 0.036095 -0.421808 25.288206 -0.104893 0.984430 -0.141050 98.285362 0.410149 0.172031 0.895647 7.089392 0.000000 0.000000 0.000000 1.000000
0.907889 0.035056 -0.417742 25.518488 -0.103444 0.984417 -0.142207 98.348083 0.406248 0.172321 0.897368 6.827607 0.000000 0.000000 0.000000 1.000000
0.908363 0.030642 -0.417058 25.814854 -0.098850 0.984782 -0.142946 98.302849 0.406331 0.171073 0.897568 6.583773 0.000000 0.000000 0.000000 1.000000
0.907560 0.023800 -0.419248 26.204268 -0.092441 0.985225 -0.144178 98.148338 0.409622 0.169606 0.896350 6.332315 0.000000 0.000000 0.000000 1.000000
0.905871 0.016046 -0.423250 26.688845 -0.085582 0.985605 -0.145805 97.895630 0.414817 0.168303 0.894204 6.084277 0.000000 0.000000 0.000000 1.000000
0.903293 0.008368 -0.428944 27.262033 -0.078873 0.986008 -0.146860 97.587563 0.421713 0.166489 0.891313 5.894993 0.000000 0.000000 0.000000 1.000000
0.899254 0.001024 -0.437425 27.907583 -0.072233 0.986616 -0.146187 97.252548 0.431421 0.163056 0.887293 5.803934 0.000000 0.000000 0.000000 1.000000
0.893300 -0.004893 -0.449434 28.619205 -0.066655 0.987442 -0.143233 96.902267 0.444491 0.157907 0.881756 5.815754 0.000000 0.000000 0.000000 1.000000
0.885825 -0.007979 -0.463951 29.402760 -0.063739 0.988282 -0.138695 96.566277 0.459621 0.152431 0.874936 5.911154 0.000000 0.000000 0.000000 1.000000
0.877749 -0.008228 -0.479051 30.262405 -0.063903 0.988909 -0.134072 96.301659 0.474841 0.148294 0.867488 6.076784 0.000000 0.000000 0.000000 1.000000
0.869778 -0.006020 -0.493407 31.206728 -0.066898 0.989255 -0.129998 96.229500 0.488888 0.146077 0.860029 6.348141 0.000000 0.000000 0.000000 1.000000
0.862206 -0.001380 -0.506556 32.199558 -0.071854 0.989552 -0.124998 96.439102 0.501436 0.144172 0.853098 6.725873 0.000000 0.000000 0.000000 1.000000
0.860569 0.007345 -0.509280 33.147049 -0.078308 0.989916 -0.118046 96.911667 0.503277 0.141468 0.852466 7.120010 0.000000 0.000000 0.000000 1.000000
0.859279 0.016643 -0.511236 33.924328 -0.084785 0.990279 -0.110268 97.549965 0.504431 0.138096 0.852337 7.412755 0.000000 0.000000 0.000000 1.000000
0.858454 0.026364 -0.512213 34.489845 -0.091186 0.990613 -0.101837 98.233528 0.504720 0.134129 0.852800 7.496537 0.000000 0.000000 0.000000 1.000000
0.858204 0.036812 -0.511987 34.879196 -0.097950 0.990842 -0.092945 98.880081 0.503876 0.129915 0.853950 7.357304 0.000000 0.000000 0.000000 1.000000
0.858598 0.048040 -0.510394 35.158684 -0.105255 0.990909 -0.083796 99.381180 0.501728 0.125668 0.855848 7.063620 0.000000 0.000000 0.000000 1.000000
0.859624 0.060227 -0.507365 35.396187 -0.113422 0.990745 -0.074563 99.774658 0.498179 0.121642 0.858499 6.718079 0.000000 0.000000 0.000000 1.000000
0.861295 0.072571 -0.502896 35.607895 -0.121648 0.990415 -0.065419 100.133759 0.493329 0.117521 0.861868 6.369363 0.000000 0.000000 0.000000 1.000000
0.863667 0.084365 -0.496953 35.771671 -0.129236 0.990001 -0.056536 100.439362 0.487214 0.113052 0.865934 6.012786 0.000000 0.000000 0.000000 1.000000
0.866779 0.095965 -0.489372 35.873611 -0.136708 0.989442 -0.048110 100.715599 0.479589 0.108602 0.870747 5.666728 0.000000 0.000000 0.000000 1.000000
0.870667 0.107292 -0.480029 35.889465 -0.144075 0.988745 -0.040324 100.964417 0.470300 0.104269 0.876325 5.342191 0.000000 0.000000 0.000000 1.000000
0.875333 0.118059 -0.468886 35.809849 -0.151099 0.987957 -0.033324 101.188545 0.459305 0.100018 0.882630 5.058579 0.000000 0.000000 0.000000 1.000000
0.880817 0.127803 -0.455881 35.640511 -0.157349 0.987166 -0.027272 101.384567 0.446545 0.095755 0.889623 4.801322 0.000000 0.000000 0.000000 1.000000
0.887146 0.136054 -0.440977 35.385750 -0.162380 0.986476 -0.022317 101.543930 0.431977 0.091405 0.897241 4.532540 0.000000 0.000000 0.000000 1.000000
0.894328 0.142777 -0.424019 35.020615 -0.166223 0.985913 -0.018612 101.675552 0.415388 0.087127 0.905462 4.258627 0.000000 0.000000 0.000000 1.000000
0.902350 0.147758 -0.404885 34.488770 -0.168689 0.985535 -0.016292 101.781418 0.396621 0.083001 0.914223 4.038945 0.000000 0.000000 0.000000 1.000000
0.911155 0.150978 -0.383409 33.791195 -0.169756 0.985366 -0.015403 101.858688 0.375472 0.079121 0.923450 3.932341 0.000000 0.000000 0.000000 1.000000
0.920477 0.153625 -0.359335 33.062572 -0.170501 0.985235 -0.015542 101.895226 0.351641 0.075572 0.933079 3.914936 0.000000 0.000000 0.000000 1.000000
0.930114 0.155522 -0.332719 32.442169 -0.170669 0.985188 -0.016602 101.896660 0.325209 0.072227 0.942880 3.904165 0.000000 0.000000 0.000000 1.000000
0.939861 0.156334 -0.303679 31.971018 -0.169880 0.985290 -0.018535 101.862869 0.296314 0.069009 0.952594 3.849307 0.000000 0.000000 0.000000 1.000000
0.949514 0.155766 -0.272324 31.566101 -0.167788 0.985593 -0.021278 101.795410 0.265087 0.065896 0.961970 3.793204 0.000000 0.000000 0.000000 1.000000
0.958862 0.153358 -0.238881 31.129843 -0.163885 0.986170 -0.024724 101.679672 0.231786 0.062856 0.970734 3.807272 0.000000 0.000000 0.000000 1.000000
0.967531 0.150304 -0.203207 30.637810 -0.159344 0.986803 -0.028789 101.521217 0.196199 0.060234 0.978712 3.938236 0.000000 0.000000 0.000000 1.000000
0.975370 0.145937 -0.165398 30.083822 -0.153426 0.987597 -0.033371 101.333565 0.158476 0.057925 0.985662 4.174156 0.000000 0.000000 0.000000 1.000000
0.982132 0.140263 -0.125475 29.482006 -0.146075 0.988530 -0.038342 101.123627 0.118658 0.055986 0.991356 4.498045 0.000000 0.000000 0.000000 1.000000
0.987489 0.133774 -0.083491 28.852240 -0.137731 0.989512 -0.043554 100.909851 0.076789 0.054508 0.995556 4.923476 0.000000 0.000000 0.000000 1.000000
0.991109 0.127009 -0.039635 28.206326 -0.128879 0.990456 -0.048849 100.707619 0.033052 0.053523 0.998019 5.476198 0.000000 0.000000 0.000000 1.000000
0.992727 0.120245 0.005792 27.503038 -0.119760 0.991330 -0.054065 100.512924 -0.012243 0.052979 0.998521 6.140345 0.000000 0.000000 0.000000 1.000000
0.992178 0.113273 0.052460 26.636402 -0.110150 0.992161 -0.059025 100.328857 -0.058734 0.052785 0.996877 6.833992 0.000000 0.000000 0.000000 1.000000
0.989354 0.105651 0.100080 25.537708 -0.099613 0.992996 -0.063531 100.152390 -0.106091 0.052886 0.992949 7.455699 0.000000 0.000000 0.000000 1.000000
0.984030 0.098689 0.148141 24.290565 -0.089499 0.993698 -0.067483 100.067123 -0.153867 0.053147 0.986661 7.919799 0.000000 0.000000 0.000000 1.000000
0.976295 0.090174 0.196764 22.953621 -0.077626 0.994480 -0.070595 99.991386 -0.202044 0.053647 0.977906 8.244310 0.000000 0.000000 0.000000 1.000000
0.965413 0.076575 0.249227 21.502405 -0.060167 0.995529 -0.072812 99.864792 -0.253688 0.055298 0.965704 8.465337 0.000000 0.000000 0.000000 1.000000
0.949990 0.056998 0.307034 19.914396 -0.035962 0.996629 -0.073744 99.682747 -0.310202 0.059014 0.948837 8.598551 0.000000 0.000000 0.000000 1.000000
0.929383 0.031368 0.367780 18.118778 -0.004884 0.997340 -0.072722 99.368629 -0.369083 0.065790 0.927065 8.739048 0.000000 0.000000 0.000000 1.000000
0.903171 0.003373 0.429268 16.239376 0.029214 0.997168 -0.069301 98.986740 -0.428286 0.075131 0.900514 8.860960 0.000000 0.000000 0.000000 1.000000
0.872184 -0.023539 0.488610 14.369508 0.062555 0.996008 -0.063678 98.622017 -0.485161 0.086104 0.870175 8.958485 0.000000 0.000000 0.000000 1.000000
0.838027 -0.047317 0.543574 12.554594 0.092718 0.994093 -0.056408 98.305092 -0.537694 0.097670 0.837464 9.036173 0.000000 0.000000 0.000000 1.000000
0.828033 -0.010986 0.560571 10.894216 0.081475 0.991553 -0.100916 97.156433 -0.554728 0.129235 0.821934 9.416792 0.000000 0.000000 0.000000 1.000000
0.825231 0.013273 0.564639 9.481746 0.074350 0.988471 -0.131901 96.721802 -0.559880 0.150830 0.814730 9.600029 0.000000 0.000000 0.000000 1.000000
0.825854 0.026090 0.563281 8.388087 0.073593 0.985398 -0.153541 96.973083 -0.559062 0.168256 0.811874 9.562870 0.000000 0.000000 0.000000 1.000000
0.826345 0.033032 0.562194 7.632904 0.078778 0.981683 -0.173472 97.686821 -0.557627 0.187636 0.808607 9.315509 0.000000 0.000000 0.000000 1.000000
0.826936 0.038436 0.560980 7.138076 0.086222 0.977195 -0.194052 98.538383 -0.555646 0.208838 0.804764 8.905697 0.000000 0.000000 0.000000 1.000000
0.829550 0.041896 0.556859 6.795995 0.091785 0.973391 -0.209966 99.282944 -0.550839 0.225288 0.803630 8.370013 0.000000 0.000000 0.000000 1.000000
0.834134 0.042206 0.549944 6.541314 0.093202 0.971944 -0.215957 99.807930 -0.543630 0.231393 0.806799 7.716221 0.000000 0.000000 0.000000 1.000000
0.839381 0.040261 0.542050 6.365837 0.090491 0.972985 -0.212396 100.095062 -0.535958 0.227332 0.813062 6.938969 0.000000 0.000000 0.000000 1.000000
0.844987 0.037298 0.533484 6.238602 0.085274 0.975405 -0.203259 100.217499 -0.527944 0.217243 0.821024 6.066164 0.000000 0.000000 0.000000 1.000000
0.851343 0.034094 0.523500 6.123346 0.079129 0.978124 -0.192386 100.226059 -0.518607 0.205211 0.830021 5.150290 0.000000 0.000000 0.000000 1.000000
0.858172 0.032167 0.512354 5.986203 0.072560 0.980415 -0.183087 100.133575 -0.508209 0.194296 0.839031 4.244267 0.000000 0.000000 0.000000 1.000000
0.864808 0.033778 0.500966 5.797255 0.065175 0.981742 -0.178705 99.968178 -0.497855 0.187196 0.846816 3.398276 0.000000 0.000000 0.000000 1.000000
0.870935 0.039667 0.489795 5.511050 0.056807 0.981927 -0.180535 99.785263 -0.488104 0.185058 0.852941 2.653547 0.000000 0.000000 0.000000 1.000000
0.876450 0.048102 0.479084 5.082273 0.047746 0.981411 -0.185886 99.640198 -0.479120 0.185794 0.857860 2.018157 0.000000 0.000000 0.000000 1.000000
0.880908 0.056332 0.469923 4.487860 0.038829 0.980943 -0.190378 99.511185 -0.471692 0.185952 0.861933 1.464778 0.000000 0.000000 0.000000 1.000000
0.883830 0.063406 0.463491 3.742597 0.030777 0.980745 -0.192855 99.363525 -0.466794 0.184716 0.864860 0.961270 0.000000 0.000000 0.000000 1.000000
0.884651 0.071033 0.460811 2.897187 0.023673 0.980209 -0.196544 99.169006 -0.465653 0.184782 0.865461 0.510325 0.000000 0.000000 0.000000 1.000000
0.882266 0.081210 0.463693 1.999487 0.017497 0.978670 -0.204693 98.942062 -0.470426 0.188707 0.862026 0.152879 0.000000 0.000000 0.000000 1.000000
0.875250 0.092770 0.474691 1.055910 0.013423 0.976397 -0.215568 98.714035 -0.483485 0.195048 0.853346 -0.082301 0.000000 0.000000 0.000000 1.000000
0.863429 0.101241 0.494207 0.052003 0.013378 0.974716 -0.223049 98.492996 -0.504293 0.199198 0.840243 -0.231877 0.000000 0.000000 0.000000 1.000000
0.848990 0.102799 0.518313 -1.002420 0.018117 0.974654 -0.222982 98.281456 -0.528098 0.198700 0.825609 -0.374661 0.000000 0.000000 0.000000 1.000000
0.834986 0.099611 0.541179 -2.015296 0.024994 0.975599 -0.218135 98.083603 -0.549703 0.195666 0.812122 -0.568487 0.000000 0.000000 0.000000 1.000000
0.823180 0.096456 0.559528 -2.905691 0.032077 0.975990 -0.215442 97.969566 -0.566874 0.195296 0.800321 -0.777308 0.000000 0.000000 0.000000 1.000000
0.813906 0.096033 0.573005 -3.659288 0.038565 0.975140 -0.218207 97.992699 -0.579716 0.199698 0.789969 -0.951751 0.000000 0.000000 0.000000 1.000000
0.807428 0.097217 0.581902 -4.305354 0.043789 0.973734 -0.223440 98.153053 -0.588339 0.205892 0.781962 -1.075939 0.000000 0.000000 0.000000 1.000000
0.803542 0.097957 0.587133 -4.868042 0.046977 0.972854 -0.226603 98.442764 -0.593392 0.209667 0.777127 -1.145554 0.000000 0.000000 0.000000 1.000000
0.800135 0.097959 0.591766 -5.330081 0.048077 0.972926 -0.226060 98.862000 -0.597890 0.209329 0.773763 -1.166510 0.000000 0.000000 0.000000 1.000000
0.794268 0.096713 0.599821 -5.676563 0.049236 0.973757 -0.222201 99.410172 -0.605570 0.206020 0.768662 -1.181068 0.000000 0.000000 0.000000 1.000000
0.785444 0.091627 0.612113 -5.928473 0.053529 0.975219 -0.214667 100.084137 -0.616614 0.201374 0.761075 -1.244791 0.000000 0.000000 0.000000 1.000000
0.777156 0.081211 0.624046 -6.097598 0.060763 0.977321 -0.202857 100.834686 -0.626368 0.195571 0.754596 -1.405153 0.000000 0.000000 0.000000 1.000000
0.774548 0.067182 0.628937 -6.187658 0.068114 0.979702 -0.188534 101.616760 -0.628837 0.188868 0.754250 -1.638925 0.000000 0.000000 0.000000 1.000000
0.780040 0.053400 0.623447 -6.197674 0.072823 0.981834 -0.175211 102.402420 -0.621477 0.182073 0.761981 -1.891579 0.000000 0.000000 0.000000 1.000000
0.791296 0.042458 0.609957 -6.127081 0.073960 0.983614 -0.164416 103.158356 -0.606943 0.175214 0.775190 -2.152166 0.000000 0.000000 0.000000 1.000000
0.803860 0.033824 0.593856 -5.980177 0.072491 0.985369 -0.154249 103.835747 -0.590385 0.167044 0.789647 -2.457690 0.000000 0.000000 0.000000 1.000000
0.815143 0.026010 0.578676 -5.760516 0.069597 0.987357 -0.142416 104.383598 -0.575064 0.156364 0.803027 -2.842065 0.000000 0.000000 0.000000 1.000000
0.825244 0.018790 0.564464 -5.490304 0.066122 0.989359 -0.129603 104.813492 -0.560893 0.144278 0.815220 -3.263948 0.000000 0.000000 0.000000 1.000000
0.834787 0.013436 0.550409 -5.206084 0.062309 0.990974 -0.118694 105.190041 -0.547036 0.133379 0.826415 -3.631475 0.000000 0.000000 0.000000 1.000000
0.843334 0.010830 0.537281 -4.940655 0.058015 0.992119 -0.111060 105.565224 -0.534249 0.124831 0.836059 -3.878444 0.000000 0.000000 0.000000 1.000000
0.850025 0.011110 0.526625 -4.679497 0.052048 0.993113 -0.104962 105.901764 -0.524164 0.116631 0.843593 -4.026974 0.000000 0.000000 0.000000 1.000000
0.855177 0.012361 0.518188 -4.410883 0.044898 0.994191 -0.097813 106.163361 -0.516387 0.106913 0.849655 -4.119950 0.000000 0.000000 0.000000 1.000000
0.860331 0.012647 0.509578 -4.123303 0.038035 0.995313 -0.088917 106.339600 -0.508314 0.095880 0.855818 -4.196624 0.000000 0.000000 0.000000 1.000000
0.866891 0.011655 0.498361 -3.803231 0.032478 0.996282 -0.079796 106.449471 -0.497438 0.085360 0.863289 -4.281002 0.000000 0.000000 0.000000 1.000000
0.875065 0.010758 0.483886 -3.434795 0.027958 0.996960 -0.072725 106.514130 -0.483198 0.077168 0.872104 -4.378790 0.000000 0.000000 0.000000 1.000000
0.884042 0.011483 0.467266 -3.010391 0.023576 0.997330 -0.069113 106.537415 -0.466812 0.072115 0.881411 -4.482203 0.000000 0.000000 0.000000 1.000000
0.892734 0.013569 0.450380 -2.552079 0.019479 0.997450 -0.068662 106.525909 -0.450163 0.070070 0.890193 -4.565275 0.000000 0.000000 0.000000 1.000000
0.900242 0.015338 0.435120 -2.103336 0.016725 0.997424 -0.069761 106.485931 -0.435069 0.070079 0.897666 -4.600977 0.000000 0.000000 0.000000 1.000000
0.906133 0.014129 0.422758 -1.746326 0.017508 0.997333 -0.070859 106.474564 -0.422631 0.071610 0.903468 -4.527505 0.000000 0.000000 0.000000 1.000000
0.910236 0.011983 0.413917 -1.476187 0.019469 0.997237 -0.071686 106.453461 -0.413632 0.073310 0.907488 -4.353021 0.000000 0.000000 0.000000 1.000000
0.912939 0.013101 0.407886 -1.216075 0.018272 0.997170 -0.072925 106.347626 -0.407687 0.074029 0.910116 -4.116607 0.000000 0.000000 0.000000 1.000000
0.915295 0.018194 0.402374 -0.902971 0.013015 0.997122 -0.074690 106.160934 -0.402575 0.073600 0.912424 -3.817381 0.000000 0.000000 0.000000 1.000000
0.918770 0.024528 0.394029 -0.499917 0.005916 0.997101 -0.075863 105.958374 -0.394748 0.072031 0.915962 -3.419895 0.000000 0.000000 0.000000 1.000000</float_array>
        <technique_common>
          <accessor source="#mixamorig_Hips-Matrix-animation-output-transform-array" count="122" stride="16">
            <param type="float4x4"/>
          </accessor>
        </technique_common>
      </source>
      <source id="mixamorig_Hips-Interpolations">
        <Name_array id="mixamorig_Hips-Interpolations-array" count="122">
 LINEAR LINEAR LINEAR LINEAR LINEAR LINEAR LINEAR LINEAR LINEAR LINEAR LINEAR
LINEAR LINEAR LINEAR LINEAR LINEAR LINEAR LINEAR LINEAR LINEAR LINEAR LINEAR LINEAR
LINEAR LINEAR LINEAR LINEAR LINEAR LINEAR LINEAR LINEAR LINEAR LINEAR LINEAR LINEAR
LINEAR LINEAR LINEAR LINEAR LINEAR LINEAR LINEAR LINEAR LINEAR LINEAR LINEAR LINEAR
LINEAR LINEAR LINEAR LINEAR LINEAR LINEAR LINEAR LINEAR LINEAR LINEAR LINEAR LINEAR
LINEAR LINEAR LINEAR LINEAR LINEAR LINEAR LINEAR LINEAR LINEAR LINEAR LINEAR LINEAR
LINEAR LINEAR LINEAR LINEAR LINEAR LINEAR LINEAR LINEAR LINEAR LINEAR LINEAR LINEAR
LINEAR LINEAR LINEAR LINEAR LINEAR LINEAR LINEAR LINEAR LINEAR LINEAR LINEAR LINEAR
LINEAR LINEAR LINEAR LINEAR LINEAR LINEAR LINEAR LINEAR LINEAR LINEAR LINEAR LINEAR
LINEAR LINEAR LINEAR LINEAR LINEAR LINEAR LINEAR LINEAR LINEAR LINEAR LINEAR LINEAR
LINEAR LINEAR LINEAR</Name_array>
        <technique_common>
          <accessor source="#mixamorig_Hips-Interpolations-array" count="122">
            <param type="name"/>
          </accessor>
        </technique_common>
      </source>
      <sampler id="mixamorig_Hips-Matrix-animation-transform">
        <input semantic="INPUT" source="#mixamorig_Hips-Matrix-animation-input"/>
        <input semantic="OUTPUT" source="#mixamorig_Hips-Matrix-animation-output-transform"/>
        <input semantic="INTERPOLATION" source="#mixamorig_Hips-Interpolations"/>
      </sampler>
      <channel source="#mixamorig_Hips-Matrix-animation-transform" target="mixamorig_Hips/matrix"/>
    </animation>
    <animation id="mixamorig_Spine-anim" name="mixamorig_Spine">
      <source id="mixamorig_Spine-Matrix-animation-input">
        <float_array id="mixamorig_Spine-Matrix-animation-input-array" count="122">

0.000000 0.033333 0.066667 0.100000 0.133333 0.166667 0.200000 0.233333 0.266667 0.300000 0.333333 0.366667 0.400000 0.433333 0.466667 0.500000
0.533333 0.566667 0.600000 0.633333 0.666667 0.700000 0.733333 0.766667 0.800000 0.833333 0.866667 0.900000 0.933333 0.966667 1.000000 1.033333
1.066667 1.100000 1.133333 1.166667 1.200000 1.233333 1.266667 1.300000 1.333333 1.366667 1.400000 1.433333 1.466667 1.500000 1.533333 1.566667
1.600000 1.633333 1.666667 1.700000 1.733333 1.766667 1.800000 1.833333 1.866667 1.900000 1.933333 1.966667 2.000000 2.033333 2.066667 2.100000
2.133333 2.166667 2.200000 2.233333 2.266667 2.300000 2.333333 2.366667 2.400000 2.433333 2.466667 2.500000 2.533333 2.566667 2.600000 2.633333
2.666667 2.700000 2.733333 2.766667 2.800000 2.833333 2.866667 2.900000 2.933333 2.966667 3.000000 3.033333 3.066667 3.100000 3.133333 3.166667
3.200000 3.233333 3.266667 3.300000 3.333333 3.366667 3.400000 3.433333 3.466667 3.500000 3.533333 3.566667 3.600000 3.633333 3.666667 3.700000
3.733333 3.766667 3.800000 3.833333 3.866667 3.900000 3.933333 3.966667 4.000000 4.033333</float_array>
        <technique_common>
          <accessor source="#mixamorig_Spine-Matrix-animation-input-array" count="122">
            <param name="TIME" type="float"/>
          </accessor>
        </technique_common>
      </source>
      <source id="mixamorig_Spine-Matrix-animation-output-transform">
        <float_array id="mixamorig_Spine-Matrix-animation-output-transform-array" count="1952">

0.996597 -0.074479 -0.035313 0.000000 0.070926 0.993139 -0.092973 8.536500 0.041995 0.090152 0.995042 0.187100 0.000000 0.000000 0.000000 1.000000
0.997072 -0.068212 -0.034552 0.000000 0.064747 0.993554 -0.093055 8.536500 0.040677 0.090545 0.995061 0.187100 0.000000 0.000000 0.000000 1.000000
0.997554 -0.061731 -0.032802 0.000000 0.058433 0.993908 -0.093452 8.536500 0.038371 0.091307 0.995083 0.187100 0.000000 0.000000 0.000000 1.000000
0.998032 -0.055227 -0.029688 0.000000 0.052211 0.994181 -0.094226 8.536500 0.034719 0.092491 0.995108 0.187100 0.000000 0.000000 0.000000 1.000000
0.998521 -0.048336 -0.024895 -0.000000 0.045739 0.994325 -0.096050 8.536500 0.029397 0.094770 0.995065 0.187100 0.000000 0.000000 0.000000 1.000000
0.999067 -0.039110 -0.018295 0.000000 0.037085 0.994266 -0.100299 8.536500 0.022113 0.099527 0.994789 0.187100 0.000000 0.000000 0.000000 1.000000
0.999612 -0.026156 -0.009611 0.000000 0.024964 0.993813 -0.108229 8.536500 0.012383 0.107947 0.994080 0.187100 0.000000 0.000000 0.000000 1.000000
0.999964 -0.008456 0.000915 0.000000 0.008505 0.992784 -0.119618 8.536500 0.000104 0.119622 0.992820 0.187100 0.000000 0.000000 0.000000 1.000000
0.999834 0.013980 0.011711 0.000000 -0.012308 0.991119 -0.132408 8.536500 -0.013458 0.132241 0.991126 0.187100 0.000000 0.000000 0.000000 1.000000
0.999014 0.039815 0.019648 -0.000000 -0.036581 0.988904 -0.143979 8.536500 -0.025162 0.143119 0.989386 0.187100 0.000000 0.000000 0.000000 1.000000
0.997629 0.065246 0.021876 0.000000 -0.061152 0.986328 -0.153028 8.536500 -0.031561 0.151327 0.987980 0.187100 0.000000 0.000000 0.000000 1.000000
0.996640 0.079463 0.019843 0.000000 -0.075285 0.984221 -0.160129 8.536500 -0.032254 0.158098 0.986897 0.187100 0.000000 0.000000 0.000000 1.000000
0.996361 0.083816 0.015459 0.000000 -0.080077 0.982710 -0.166941 8.536500 -0.029184 0.165095 0.985846 0.187100 0.000000 0.000000 0.000000 1.000000
0.996571 0.081855 0.012046 0.000000 -0.078530 0.981655 -0.173741 8.536500 -0.026046 0.172199 0.984718 0.187100 0.000000 0.000000 0.000000 1.000000
0.996604 0.081686 0.010418 0.000000 -0.078517 0.980748 -0.178797 8.536500 -0.024823 0.177372 0.983831 0.187100 0.000000 0.000000 0.000000 1.000000
0.996134 0.087312 0.009676 0.000000 -0.084145 0.979995 -0.180357 8.536500 -0.025230 0.178846 0.983554 0.187100 0.000000 0.000000 0.000000 1.000000
0.995404 0.095294 0.009506 -0.000000 -0.092066 0.979536 -0.178977 8.536500 -0.026366 0.177280 0.983807 0.187100 0.000000 0.000000 0.000000 1.000000
0.994907 0.100247 0.010530 -0.000000 -0.096811 0.979416 -0.177124 8.536500 -0.028069 0.175202 0.984132 0.187100 0.000000 0.000000 0.000000 1.000000
0.994807 0.100926 0.013124 0.000000 -0.097041 0.979482 -0.176630 8.536500 -0.030681 0.174440 0.984190 0.187100 0.000000 0.000000 0.000000 1.000000
0.994841 0.100056 0.016728 -0.000000 -0.095535 0.979520 -0.177241 8.536500 -0.034120 0.174729 0.984025 0.187100 0.000000 0.000000 0.000000 1.000000
0.994761 0.100177 0.020371 0.000000 -0.095001 0.979493 -0.177675 8.536500 -0.037752 0.174809 0.983878 0.187100 0.000000 0.000000 0.000000 1.000000
0.994566 0.101403 0.023587 -0.000000 -0.095662 0.979497 -0.177298 8.536500 -0.041082 0.174078 0.983874 0.187100 0.000000 0.000000 0.000000 1.000000
0.994368 0.102601 0.026556 0.000000 -0.096367 0.979596 -0.176369 8.536500 -0.044110 0.172817 0.983966 0.187100 0.000000 0.000000 0.000000 1.000000
0.994237 0.103058 0.029518 -0.000000 -0.096362 0.979811 -0.175172 8.536500 -0.046975 0.171318 0.984095 0.187100 0.000000 0.000000 0.000000 1.000000
0.994128 0.103371 0.031986 0.000000 -0.096328 0.980099 -0.173570 8.536500 -0.049291 0.169469 0.984302 0.187100 0.000000 0.000000 0.000000 1.000000
0.993985 0.104302 0.033390 0.000000 -0.097121 0.980409 -0.171366 8.536500 -0.050610 0.167092 0.984641 0.187100 0.000000 0.000000 0.000000 1.000000
0.993767 0.106264 0.033704 -0.000000 -0.099139 0.980660 -0.168750 8.536500 -0.050984 0.164357 0.985082 0.187100 0.000000 0.000000 0.000000 1.000000
0.993468 0.109056 0.033576 0.000000 -0.102048 0.980798 -0.166200 8.536500 -0.051056 0.161688 0.985520 0.187100 0.000000 0.000000 0.000000 1.000000
0.993052 0.112707 0.033834 0.000000 -0.105721 0.980763 -0.164094 8.536500 -0.051677 0.159377 0.985864 0.187100 0.000000 0.000000 0.000000 1.000000
0.992541 0.116798 0.034926 -0.000000 -0.109676 0.980601 -0.162458 8.536500 -0.053224 0.157415 0.986097 0.187100 0.000000 0.000000 0.000000 1.000000
0.992090 0.120018 0.036774 0.000000 -0.112646 0.980496 -0.161055 8.536500 -0.055386 0.155638 0.986260 0.187100 0.000000 0.000000 0.000000 1.000000
0.991958 0.120391 0.039065 -0.000000 -0.112738 0.980713 -0.159661 8.536500 -0.057533 0.153973 0.986399 0.187100 0.000000 0.000000 0.000000 1.000000
0.992337 0.116361 0.041552 0.000000 -0.108451 0.981414 -0.158317 8.536500 -0.059201 0.152598 0.986514 0.187100 0.000000 0.000000 0.000000 1.000000
0.993150 0.108256 0.043963 -0.000000 -0.100123 0.982450 -0.157377 8.536500 -0.060229 0.151897 0.986560 0.187100 0.000000 0.000000 0.000000 1.000000
0.994067 0.098631 0.045845 0.000000 -0.090323 0.983419 -0.157251 8.536500 -0.060595 0.152178 0.986494 0.187100 0.000000 0.000000 0.000000 1.000000
0.994806 0.090390 0.046804 0.000000 -0.081976 0.984028 -0.158013 8.536500 -0.060339 0.153356 0.986327 0.187100 0.000000 0.000000 0.000000 1.000000
0.995259 0.085183 0.046937 0.000000 -0.076727 0.984243 -0.159306 8.536500 -0.059768 0.154950 0.986113 0.187100 0.000000 0.000000 0.000000 1.000000
0.995455 0.082935 0.046804 -0.000000 -0.074444 0.984200 -0.160649 8.536500 -0.059388 0.156435 0.985901 0.187100 0.000000 0.000000 0.000000 1.000000
0.995506 0.082271 0.046897 -0.000000 -0.073706 0.984075 -0.161754 8.536500 -0.059457 0.157570 0.985716 0.187100 0.000000 0.000000 0.000000 1.000000
0.995542 0.081648 0.047226 0.000000 -0.072991 0.983997 -0.162548 8.536500 -0.059742 0.158376 0.985570 0.187100 0.000000 0.000000 0.000000 1.000000
0.995606 0.080663 0.047557 0.000000 -0.071937 0.984002 -0.162985 8.536500 -0.059943 0.158848 0.985482 0.187100 0.000000 0.000000 0.000000 1.000000
0.995625 0.080244 0.047877 0.000000 -0.071479 0.984052 -0.162889 8.536500 -0.060185 0.158754 0.985482 0.187100 0.000000 0.000000 0.000000 1.000000
0.995579 0.080468 0.048441 0.000000 -0.071669 0.984196 -0.161932 8.536500 -0.060705 0.157744 0.985612 0.187100 0.000000 0.000000 0.000000 1.000000
0.995482 0.081243 0.049153 -0.000000 -0.072449 0.984469 -0.159914 8.536500 -0.061382 0.155631 0.985906 0.187100 0.000000 0.000000 0.000000 1.000000
0.995390 0.082125 0.049543 0.000000 -0.073447 0.984877 -0.156919 8.536500 -0.061681 0.152557 0.986368 0.187100 0.000000 0.000000 0.000000 1.000000
0.995331 0.082963 0.049337 0.000000 -0.074532 0.985361 -0.153328 8.536500 -0.061335 0.148935 0.986943 0.187100 0.000000 0.000000 0.000000 1.000000
0.995284 0.083788 0.048879 0.000000 -0.075641 0.985833 -0.149705 8.536500 -0.060730 0.145302 0.987522 0.187100 0.000000 0.000000 0.000000 1.000000
0.995282 0.083944 0.048649 0.000000 -0.076019 0.986271 -0.146595 8.536500 -0.060287 0.142205 0.988000 0.187100 0.000000 0.000000 0.000000 1.000000
0.995360 0.082974 0.048731 -0.000000 -0.075187 0.986677 -0.144273 8.536500 -0.060053 0.139940 0.988337 0.187100 0.000000 0.000000 0.000000 1.000000
0.995537 0.080760 0.048831 -0.000000 -0.073086 0.987093 -0.142499 8.536500 -0.059709 0.138294 0.988590 0.187100 0.000000 0.000000 0.000000 1.000000
0.995776 0.077775 0.048803 0.000000 -0.070236 0.987554 -0.140725 8.536500 -0.059141 0.136703 0.988845 0.187100 0.000000 0.000000 0.000000 1.000000
0.996020 0.074642 0.048702 -0.000000 -0.067262 0.988046 -0.138714 8.536500 -0.058474 0.134886 0.989134 0.187100 0.000000 0.000000 0.000000 1.000000
0.996224 0.071974 0.048549 0.000000 -0.064745 0.988473 -0.136857 8.536500 -0.057839 0.133197 0.989400 0.187100 0.000000 0.000000 0.000000 1.000000
0.996397 0.069826 0.048139 0.000000 -0.062734 0.988759 -0.135718 8.536500 -0.057075 0.132209 0.989577 0.187100 0.000000 0.000000 0.000000 1.000000
0.996563 0.067983 0.047336 -0.000000 -0.061028 0.988906 -0.135424 8.536500 -0.056018 0.132070 0.989656 0.187100 0.000000 0.000000 0.000000 1.000000
0.996743 0.066136 0.046155 0.000000 -0.059340 0.988978 -0.135649 8.536500 -0.054617 0.132468 0.989681 0.187100 0.000000 0.000000 0.000000 1.000000
0.996943 0.064141 0.044621 0.000000 -0.057543 0.989030 -0.136049 8.536500 -0.052858 0.133066 0.989697 0.187100 0.000000 0.000000 0.000000 1.000000
0.997160 0.061997 0.042750 0.000000 -0.055642 0.989074 -0.136514 8.536500 -0.050747 0.133748 0.989715 0.187100 0.000000 0.000000 0.000000 1.000000
0.997419 0.059237 0.040563 0.000000 -0.053172 0.989136 -0.137054 8.536500 -0.048241 0.134543 0.989733 0.187100 0.000000 0.000000 0.000000 1.000000
0.997746 0.055220 0.038127 -0.000000 -0.049489 0.989242 -0.137666 8.536500 -0.045319 0.135468 0.989745 0.187100 0.000000 0.000000 0.000000 1.000000
0.998137 0.049556 0.035587 0.000000 -0.044190 0.989399 -0.138339 8.536500 -0.042065 0.136509 0.989745 0.187100 0.000000 0.000000 0.000000 1.000000
0.998568 0.041968 0.033171 0.000000 -0.036970 0.989586 -0.139113 8.536500 -0.038664 0.137688 0.989721 0.187100 0.000000 0.000000 0.000000 1.000000
0.999004 0.031941 0.031161 -0.000000 -0.027277 0.989765 -0.140072 8.536500 -0.035316 0.139083 0.989651 0.187100 0.000000 0.000000 0.000000 1.000000
0.999361 0.020100 0.029572 -0.000000 -0.015728 0.989844 -0.141284 8.536500 -0.032111 0.140729 0.989527 0.187100 0.000000 0.000000 0.000000 1.000000
0.999575 0.006893 0.028321 -0.000000 -0.002783 0.989769 -0.142649 8.536500 -0.029015 0.142510 0.989368 0.187100 0.000000 0.000000 0.000000 1.000000
0.999610 -0.006139 0.027251 0.000000 0.010003 0.989523 -0.144031 8.536500 -0.026081 0.144248 0.989198 0.187100 0.000000 0.000000 0.000000 1.000000
0.999514 -0.017122 0.026059 -0.000000 0.020734 0.989165 -0.145335 8.536500 -0.023288 0.145805 0.989039 0.187100 0.000000 0.000000 0.000000 1.000000
0.999404 -0.024601 0.024201 -0.000000 0.027887 0.988828 -0.146429 8.536500 -0.020328 0.147016 0.988925 0.187100 0.000000 0.000000 0.000000 1.000000
0.999334 -0.029341 0.021673 0.000000 0.032216 0.988590 -0.147147 8.536500 -0.017109 0.147747 0.988877 0.187100 0.000000 0.000000 0.000000 1.000000
0.999196 -0.034947 0.019631 0.000000 0.037468 0.988333 -0.147625 8.536500 -0.014243 0.148242 0.988849 0.187100 0.000000 0.000000 0.000000 1.000000
0.998761 -0.045741 0.019594 0.000000 0.048150 0.987733 -0.148543 8.536500 -0.012559 0.149302 0.988712 0.187100 0.000000 0.000000 0.000000 1.000000
0.998004 -0.059644 0.020743 0.000000 0.062094 0.986650 -0.150554 8.536500 -0.011486 0.151541 0.988384 0.187100 0.000000 0.000000 0.000000 1.000000
0.997118 -0.072972 0.020756 0.000000 0.075297 0.985336 -0.153111 8.536500 -0.009279 0.154233 0.987991 0.187100 0.000000 0.000000 0.000000 1.000000
0.996621 -0.080218 0.017659 -0.000000 0.081988 0.984549 -0.154732 8.536500 -0.004974 0.155656 0.987799 0.187100 0.000000 0.000000 0.000000 1.000000
0.996613 -0.081297 0.012344 0.000000 0.082228 0.984553 -0.154578 8.536500 0.000413 0.155070 0.987903 0.187100 0.000000 0.000000 0.000000 1.000000
0.996802 -0.079588 0.007185 -0.000000 0.079745 0.984907 -0.153620 8.536500 0.005150 0.153702 0.988104 0.187100 0.000000 0.000000 0.000000 1.000000
0.996938 -0.078107 0.003676 0.000000 0.077743 0.985072 -0.153586 8.536500 0.008375 0.153402 0.988128 0.187100 0.000000 0.000000 0.000000 1.000000
0.996958 -0.077914 0.001845 0.000000 0.077257 0.984875 -0.155088 8.536500 0.010267 0.154759 0.987899 0.187100 0.000000 0.000000 0.000000 1.000000
0.996889 -0.078810 0.001278 0.000000 0.078028 0.984446 -0.157411 8.536500 0.011147 0.157021 0.987532 0.187100 0.000000 0.000000 0.000000 1.000000
0.996820 -0.079673 0.001683 0.000000 0.078918 0.984001 -0.159732 8.536500 0.011070 0.159356 0.987159 0.187100 0.000000 0.000000 0.000000 1.000000
0.996789 -0.080018 0.003114 0.000000 0.079467 0.983621 -0.161788 8.536500 0.009883 0.161515 0.986821 0.187100 0.000000 0.000000 0.000000 1.000000
0.996767 -0.080159 0.005488 0.000000 0.079976 0.983306 -0.163443 8.536500 0.007705 0.163354 0.986537 0.187100 0.000000 0.000000 0.000000 1.000000
0.996738 -0.080280 0.008251 0.000000 0.080543 0.983107 -0.164356 8.536500 0.005082 0.164485 0.986367 0.187100 0.000000 0.000000 0.000000 1.000000
0.996724 -0.080154 0.010785 -0.000000 0.080835 0.983070 -0.164437 8.536500 0.002578 0.164770 0.986329 0.187100 0.000000 0.000000 0.000000 1.000000
0.996754 -0.079476 0.012873 0.000000 0.080511 0.983125 -0.164266 8.536500 0.000399 0.164769 0.986332 0.187100 0.000000 0.000000 0.000000 1.000000
0.996813 -0.078426 0.014602 0.000000 0.079761 0.983133 -0.164582 8.536500 -0.001449 0.165222 0.986255 0.187100 0.000000 0.000000 0.000000 1.000000
0.996861 -0.077510 0.016149 -0.000000 0.079115 0.983058 -0.165343 8.536500 -0.003060 0.166102 0.986104 0.187100 0.000000 0.000000 0.000000 1.000000
0.996860 -0.077214 0.017557 -0.000000 0.079058 0.983021 -0.165588 8.536500 -0.004473 0.166456 0.986039 0.187100 0.000000 0.000000 0.000000 1.000000
0.996779 -0.077961 0.018799 0.000000 0.079995 0.983141 -0.164420 8.536500 -0.005664 0.165394 0.986211 0.187100 0.000000 0.000000 0.000000 1.000000
0.996574 -0.080275 0.019911 0.000000 0.082446 0.983335 -0.162033 8.536500 -0.006572 0.163120 0.986584 0.187100 0.000000 0.000000 0.000000 1.000000
0.996180 -0.084772 0.020968 0.000000 0.087038 0.983349 -0.159527 8.536500 -0.007095 0.160743 0.986971 0.187100 0.000000 0.000000 0.000000 1.000000
0.995519 -0.091927 0.022157 -0.000000 0.094279 0.982983 -0.157656 8.536500 -0.007287 0.159039 0.987245 0.187100 0.000000 0.000000 0.000000 1.000000
0.994658 -0.100549 0.023354 0.000000 0.102970 0.982372 -0.156023 8.536500 -0.007254 0.157594 0.987477 0.187100 0.000000 0.000000 0.000000 1.000000
0.993857 -0.108013 0.024134 0.000000 0.110448 0.981927 -0.153688 8.536500 -0.007098 0.155410 0.987825 0.187100 0.000000 0.000000 0.000000 1.000000
0.993456 -0.111661 0.024036 -0.000000 0.114015 0.982038 -0.150337 8.536500 -0.006817 0.152093 0.988343 0.187100 0.000000 0.000000 0.000000 1.000000
0.993573 -0.110856 0.022890 0.000000 0.113021 0.982736 -0.146478 8.536500 -0.006256 0.148124 0.988949 0.187100 0.000000 0.000000 0.000000 1.000000
0.993991 -0.107476 0.020752 0.000000 0.109343 0.983720 -0.142616 8.536500 -0.005087 0.144028 0.989561 0.187100 0.000000 0.000000 0.000000 1.000000
0.994397 -0.104251 0.017515 0.000000 0.105676 0.984675 -0.138738 8.536500 -0.002783 0.139812 0.990174 0.187100 0.000000 0.000000 0.000000 1.000000
0.994589 -0.103053 0.013112 -0.000000 0.103879 0.985411 -0.134810 8.536500 0.000972 0.135443 0.990785 0.187100 0.000000 0.000000 0.000000 1.000000
0.994575 -0.103719 0.007895 -0.000000 0.103855 0.985884 -0.131327 8.536500 0.005838 0.131434 0.991308 0.187100 0.000000 0.000000 0.000000 1.000000
0.994506 -0.104638 0.002853 0.000000 0.104131 0.986170 -0.128944 8.536500 0.010678 0.128532 0.991648 0.187100 0.000000 0.000000 0.000000 1.000000
0.994566 -0.104107 -0.000898 0.000000 0.103140 0.986433 -0.127719 8.536500 0.014182 0.126932 0.991810 0.187100 0.000000 0.000000 0.000000 1.000000
0.994812 -0.101685 -0.002919 0.000000 0.100493 0.986793 -0.127047 8.536500 0.015799 0.126094 0.991892 0.187100 0.000000 0.000000 0.000000 1.000000
0.995116 -0.098644 -0.003649 0.000000 0.097396 0.987200 -0.126290 8.536500 0.016060 0.125318 0.991987 0.187100 0.000000 0.000000 0.000000 1.000000
0.995270 -0.097075 -0.003840 0.000000 0.095833 0.987491 -0.125208 8.536500 0.015946 0.124247 0.992123 0.187100 0.000000 0.000000 0.000000 1.000000
0.995167 -0.098112 -0.004019 0.000000 0.096863 0.987567 -0.123806 8.536500 0.016116 0.122819 0.992298 0.187100 0.000000 0.000000 0.000000 1.000000
0.994907 -0.100689 -0.004635 0.000000 0.099375 0.987535 -0.122065 8.536500 0.016868 0.120983 0.992511 0.187100 0.000000 0.000000 0.000000 1.000000
0.994714 -0.102486 -0.006354 -0.000000 0.100990 0.987631 -0.119940 8.536500 0.018567 0.118664 0.992761 0.187100 0.000000 0.000000 0.000000 1.000000
