<?xml version="1.0" encoding="utf-8"?>
<COLLADA xmlns="http://www.collada.org/2005/11/COLLADASchema" version="1.4.1">
  <asset>
    <contributor>
      <author>Mixamo</author>
      <authoring_tool>COLLADA Mixamo exporter</authoring_tool>
      <comments/>
    </contributor>
    <created>2022-11-03T13:07:37Z</created>
    <modified>2022-11-03T13:07:37Z</modified>
    <revision/>
    <title/>
    <unit meter="0.010000"/>
    <up_axis>Y_UP</up_axis>
  </asset>
  <library_animations>
    <animation id="mixamorig_Hips-anim" name="mixamorig_Hips">
      <source id="mixamorig_Hips-Matrix-animation-input">
        <float_array id="mixamorig_Hips-Matrix-animation-input-array" count="139">

0.000000 0.033333 0.066667 0.100000 0.133333 0.166667 0.200000 0.233333 0.266667 0.300000 0.333333 0.366667 0.400000 0.433333 0.466667 0.500000
0.533333 0.566667 0.600000 0.633333 0.666667 0.700000 0.733333 0.766667 0.800000 0.833333 0.866667 0.900000 0.933333 0.966667 1.000000 1.033333
1.066667 1.100000 1.133333 1.166667 1.200000 1.233333 1.266667 1.300000 1.333333 1.366667 1.400000 1.433333 1.466667 1.500000 1.533333 1.566667
1.600000 1.633333 1.666667 1.700000 1.733333 1.766667 1.800000 1.833333 1.866667 1.900000 1.933333 1.966667 2.000000 2.033333 2.066667 2.100000
2.133333 2.166667 2.200000 2.233333 2.266667 2.300000 2.333333 2.366667 2.400000 2.433333 2.466667 2.500000 2.533333 2.566667 2.600000 2.633333
2.666667 2.700000 2.733333 2.766667 2.800000 2.833333 2.866667 2.900000 2.933333 2.966667 3.000000 3.033333 3.066667 3.100000 3.133333 3.166667
3.200000 3.233333 3.266667 3.300000 3.333333 3.366667 3.400000 3.433333 3.466667 3.500000 3.533333 3.566667 3.600000 3.633333 3.666667 3.700000
3.733333 3.766667 3.800000 3.833333 3.866667 3.900000 3.933333 3.966667 4.000000 4.033333 4.066667 4.100000 4.133333 4.166667 4.200000 4.233333
4.266667 4.300000 4.333333 4.366667 4.400000 4.433333 4.466667 4.500000 4.533333 4.566667 4.600000</float_array>
        <technique_common>
          <accessor source="#mixamorig_Hips-Matrix-animation-input-array" count="139">
            <param name="TIME" type="float"/>
          </accessor>
        </technique_common>
      </source>
      <source id="mixamorig_Hips-Matrix-animation-output-transform">
        <float_array id="mixamorig_Hips-Matrix-animation-output-transform-array" count="2224">

0.999780 0.017632 0.011362 0.009395 -0.017683 0.999834 0.004401 99.597023 -0.011282 -0.004600 0.999926 -0.679002 0.000000 0.000000 0.000000 1.000000
0.999772 0.017997 0.011527 0.018201 -0.018047 0.999828 0.004222 99.592400 -0.011449 -0.004429 0.999925 -0.659524 0.000000 0.000000 0.000000 1.000000
0.999756 0.018408 0.012204 0.025294 -0.018456 0.999822 0.003818 99.590950 -0.012132 -0.004042 0.999918 -0.640214 0.000000 0.000000 0.000000 1.000000
0.999742 0.018876 0.012603 0.029270 -0.018920 0.999815 0.003372 99.593643 -0.012537 -0.003609 0.999915 -0.621041 0.000000 0.000000 0.000000 1.000000
0.999726 0.019205 0.013358 0.032489 -0.019247 0.999810 0.002993 99.601219 -0.013298 -0.003249 0.999906 -0.602778 0.000000 0.000000 0.000000 1.000000
0.999711 0.019723 0.013777 0.033544 -0.019764 0.999801 0.002827 99.611404 -0.013719 -0.003098 0.999901 -0.587954 0.000000 0.000000 0.000000 1.000000
0.999697 0.020032 0.014299 0.037079 -0.020074 0.999794 0.002834 99.628098 -0.014239 -0.003120 0.999894 -0.583966 0.000000 0.000000 0.000000 1.000000
0.999692 0.020377 0.014139 0.046626 -0.020425 0.999786 0.003275 99.649284 -0.014069 -0.003563 0.999895 -0.584436 0.000000 0.000000 0.000000 1.000000
0.999702 0.020516 0.013210 0.059803 -0.020569 0.999781 0.003946 99.674431 -0.013126 -0.004217 0.999905 -0.592133 0.000000 0.000000 0.000000 1.000000
0.999723 0.020660 0.011312 0.080069 -0.020711 0.999776 0.004462 99.702156 -0.011217 -0.004695 0.999926 -0.609778 0.000000 0.000000 0.000000 1.000000
0.999749 0.020685 0.008580 0.109449 -0.020734 0.999769 0.005676 99.728477 -0.008460 -0.005853 0.999947 -0.644575 0.000000 0.000000 0.000000 1.000000
0.999789 0.020023 0.004587 0.147012 -0.020054 0.999775 0.006848 99.743927 -0.004449 -0.006939 0.999966 -0.710317 0.000000 0.000000 0.000000 1.000000
0.999794 0.020197 0.001779 0.189440 -0.020210 0.999766 0.007682 99.745338 -0.001623 -0.007716 0.999969 -0.797969 0.000000 0.000000 0.000000 1.000000
0.999774 0.021235 -0.000510 0.243850 -0.021230 0.999738 0.008501 99.741730 0.000690 -0.008488 0.999964 -0.937973 0.000000 0.000000 0.000000 1.000000
0.999745 0.022522 -0.001488 0.290153 -0.022508 0.999708 0.008743 99.737808 0.001685 -0.008707 0.999961 -1.155047 0.000000 0.000000 0.000000 1.000000
0.999720 0.023588 -0.002106 0.345602 -0.023567 0.999678 0.009455 99.768951 0.002328 -0.009403 0.999953 -1.503337 0.000000 0.000000 0.000000 1.000000
0.999627 0.027281 -0.001275 0.396338 -0.027269 0.999590 0.008709 99.838371 0.001512 -0.008671 0.999961 -1.552375 0.000000 0.000000 0.000000 1.000000
0.999648 0.026525 -0.000470 0.447597 -0.026520 0.999619 0.007623 99.825272 0.000672 -0.007608 0.999971 -1.493992 0.000000 0.000000 0.000000 1.000000
0.999516 0.027786 0.014015 0.351338 -0.027802 0.999613 0.000976 99.333878 -0.013982 -0.001365 0.999901 -1.285834 0.000000 0.000000 0.000000 1.000000
0.998933 0.031706 0.033583 0.168428 -0.031715 0.999497 -0.000266 98.284302 -0.033575 -0.000799 0.999436 -1.042969 0.000000 0.000000 0.000000 1.000000
0.998200 0.032480 0.050423 -0.031648 -0.032503 0.999472 -0.000355 96.784523 -0.050408 -0.001284 0.998728 -0.732114 0.000000 0.000000 0.000000 1.000000
0.997623 0.033814 0.060036 -0.186853 -0.033752 0.999428 -0.002037 95.480881 -0.060070 0.000006 0.998194 -0.378519 0.000000 0.000000 0.000000 1.000000
0.995348 0.036520 0.089159 -0.353978 -0.036154 0.999330 -0.005715 94.388985 -0.089308 0.002465 0.996001 -0.012646 0.000000 0.000000 0.000000 1.000000
0.993729 0.026749 0.108573 -0.654657 -0.026090 0.999632 -0.007488 92.915939 -0.108733 0.004608 0.994060 0.332820 0.000000 0.000000 0.000000 1.000000
0.994326 0.015872 0.105184 -0.869089 -0.015257 0.999862 -0.006647 91.522659 -0.105275 0.005005 0.994431 0.649123 0.000000 0.000000 0.000000 1.000000
0.995173 0.014777 0.097013 -0.928241 -0.014420 0.999886 -0.004380 90.415878 -0.097067 0.002960 0.995273 0.914853 0.000000 0.000000 0.000000 1.000000
0.996095 0.013731 0.087219 -0.971195 -0.013871 0.999903 0.001005 89.328781 -0.087197 -0.002211 0.996189 1.115243 0.000000 0.000000 0.000000 1.000000
0.997105 0.013986 0.074737 -0.995874 -0.014677 0.999854 0.008702 88.205116 -0.074605 -0.009773 0.997165 1.268177 0.000000 0.000000 0.000000 1.000000
0.996793 0.015558 0.078501 -1.023558 -0.016977 0.999704 0.017433 87.286209 -0.078206 -0.018710 0.996762 1.381073 0.000000 0.000000 0.000000 1.000000
0.996364 0.016616 0.083559 -1.068455 -0.019007 0.999430 0.027898 86.892296 -0.083048 -0.029384 0.996112 1.425223 0.000000 0.000000 0.000000 1.000000
0.996447 0.010709 0.083542 -1.212312 -0.014155 0.999068 0.040772 86.654442 -0.083028 -0.041809 0.995670 1.399262 0.000000 0.000000 0.000000 1.000000
0.995818 0.010456 0.090761 -1.281286 -0.015423 0.998411 0.054204 86.576172 -0.090050 -0.055377 0.994397 1.305222 0.000000 0.000000 0.000000 1.000000
0.995402 0.006073 0.095597 -1.422610 -0.012736 0.997519 0.069239 86.641052 -0.094939 -0.070138 0.993009 1.130563 0.000000 0.000000 0.000000 1.000000
0.994873 0.004023 0.101051 -1.528803 -0.012851 0.996137 0.086869 86.794121 -0.100311 -0.087723 0.991081 0.844767 0.000000 0.000000 0.000000 1.000000
0.994195 0.003648 0.107535 -1.607828 -0.015389 0.993972 0.108551 87.016884 -0.106490 -0.109576 0.988258 0.411968 0.000000 0.000000 0.000000 1.000000
0.993765 0.004201 0.111412 -1.666829 -0.018508 0.991641 0.127695 87.315804 -0.109945 -0.128961 0.985536 -0.091948 0.000000 0.000000 0.000000 1.000000
0.993319 0.004724 0.115307 -1.718827 -0.021518 0.989221 0.144843 87.657478 -0.113380 -0.146356 0.982713 -0.677171 0.000000 0.000000 0.000000 1.000000
0.993300 0.005052 0.115457 -1.778632 -0.023987 0.986301 0.163204 88.010223 -0.113050 -0.164880 0.979813 -1.388644 0.000000 0.000000 0.000000 1.000000
0.993151 0.004913 0.116730 -1.848912 -0.026701 0.982219 0.185829 88.354813 -0.113742 -0.187673 0.975624 -2.280463 0.000000 0.000000 0.000000 1.000000
0.992879 0.006490 0.118951 -1.896334 -0.030973 0.978240 0.205152 88.686592 -0.115032 -0.207375 0.971475 -3.269584 0.000000 0.000000 0.000000 1.000000
0.992636 0.004510 0.121052 -2.004482 -0.031425 0.974683 0.221372 89.001160 -0.116989 -0.223546 0.967647 -4.356551 0.000000 0.000000 0.000000 1.000000
0.992463 0.000362 0.122543 -2.139293 -0.030342 0.969582 0.242877 89.227379 -0.118727 -0.244765 0.962286 -5.664802 0.000000 0.000000 0.000000 1.000000
0.992096 -0.007149 0.125279 -2.328544 -0.026059 0.964872 0.261423 89.395149 -0.122747 -0.262622 0.957059 -7.090044 0.000000 0.000000 0.000000 1.000000
0.991225 -0.013099 0.131538 -2.496297 -0.025042 0.958452 0.284154 89.451012 -0.129795 -0.284955 0.949713 -8.755367 0.000000 0.000000 0.000000 1.000000
0.990049 -0.018770 0.139467 -2.652221 -0.024863 0.952145 0.304635 89.387909 -0.138511 -0.305071 0.942203 -10.566475 0.000000 0.000000 0.000000 1.000000
0.988763 -0.023790 0.147586 -2.798073 -0.026022 0.944794 0.326631 89.174026 -0.147209 -0.326802 0.933558 -12.592924 0.000000 0.000000 0.000000 1.000000
0.987247 -0.028425 0.156635 -2.944088 -0.028894 0.935591 0.351901 88.797516 -0.156549 -0.351939 0.922839 -14.872049 0.000000 0.000000 0.000000 1.000000
0.986060 -0.031731 0.163334 -3.080618 -0.033132 0.924546 0.379628 88.254608 -0.163055 -0.379747 0.910607 -17.406693 0.000000 0.000000 0.000000 1.000000
0.984306 -0.036347 0.172686 -3.247107 -0.036847 0.914658 0.402546 87.603249 -0.172580 -0.402592 0.898964 -20.219202 0.000000 0.000000 0.000000 1.000000
0.982619 -0.040284 0.181212 -3.399739 -0.041736 0.903237 0.427107 86.619415 -0.180883 -0.427246 0.885857 -23.557800 0.000000 0.000000 0.000000 1.000000
0.981764 -0.043923 0.184960 -3.544788 -0.045758 0.889737 0.454174 85.074600 -0.184515 -0.454355 0.871502 -27.372131 0.000000 0.000000 0.000000 1.000000
0.980869 -0.050686 0.187957 -3.729863 -0.048224 0.872151 0.486854 82.684578 -0.188603 -0.486604 0.853021 -31.625019 0.000000 0.000000 0.000000 1.000000
0.978867 -0.059294 0.195715 -3.951212 -0.053126 0.850454 0.523360 79.218597 -0.197478 -0.522697 0.829331 -36.222084 0.000000 0.000000 0.000000 1.000000
0.976669 -0.063788 0.205057 -4.122882 -0.063242 0.827087 0.558504 74.528015 -0.205226 -0.558442 0.803757 -41.042274 0.000000 0.000000 0.000000 1.000000
0.975043 -0.069538 0.210843 -4.322427 -0.073161 0.795998 0.600861 68.081802 -0.209613 -0.601291 0.771045 -46.135986 0.000000 0.000000 0.000000 1.000000
0.973384 -0.074387 0.216774 -4.544457 -0.087017 0.755074 0.649839 59.709526 -0.212020 -0.651406 0.728504 -51.446609 0.000000 0.000000 0.000000 1.000000
0.970068 -0.082359 0.228441 -4.806090 -0.103032 0.712262 0.694310 51.647301 -0.219893 -0.697065 0.682457 -56.755161 0.000000 0.000000 0.000000 1.000000
0.967817 -0.090806 0.234701 -5.055367 -0.118763 0.657432 0.744096 43.477535 -0.221868 -0.748023 0.625489 -62.096699 0.000000 0.000000 0.000000 1.000000
0.965381 -0.093824 0.243385 -5.234019 -0.140790 0.598061 0.788988 35.686878 -0.219585 -0.795940 0.564147 -67.209503 0.000000 0.000000 0.000000 1.000000
0.963385 -0.098689 0.249299 -5.432449 -0.157969 0.542371 0.825154 28.238634 -0.216646 -0.834323 0.506922 -71.920929 0.000000 0.000000 0.000000 1.000000
0.965476 -0.095524 0.242346 -5.471807 -0.168440 0.480738 0.860534 23.515221 -0.198707 -0.871645 0.448051 -76.247940 0.000000 0.000000 0.000000 1.000000
0.971728 -0.080511 0.221953 -5.401027 -0.169337 0.417434 0.892790 27.121359 -0.164530 -0.905134 0.391998 -80.315086 0.000000 0.000000 0.000000 1.000000
0.977412 -0.064166 0.201367 -5.314451 -0.167034 0.349200 0.922041 30.476776 -0.129481 -0.934849 0.330595 -84.653969 0.000000 0.000000 0.000000 1.000000
0.978876 -0.051655 0.197821 -5.489041 -0.181457 0.226328 0.957000 33.732025 -0.094207 -0.972681 0.212173 -88.727005 0.000000 0.000000 0.000000 1.000000
0.980082 -0.044629 0.193514 -5.475194 -0.191792 0.040114 0.980615 35.656555 -0.051527 -0.998198 0.030756 -91.154976 0.000000 0.000000 0.000000 1.000000
0.981471 -0.035267 0.188338 -5.310783 -0.190367 -0.067609 0.979382 37.593941 -0.021807 -0.997088 -0.073070 -92.799667 0.000000 0.000000 0.000000 1.000000
0.979325 -0.040163 0.198267 -5.345541 -0.201629 -0.114446 0.972753 39.266308 -0.016378 -0.992617 -0.120177 -94.634224 0.000000 0.000000 0.000000 1.000000
0.976873 -0.063868 0.204060 -5.854903 -0.213320 -0.225831 0.950524 38.423046 -0.014625 -0.972071 -0.234232 -97.178368 0.000000 0.000000 0.000000 1.000000
0.976182 -0.072334 0.204538 -6.044517 -0.216909 -0.344039 0.913558 35.739609 0.004288 -0.936165 -0.351534 -99.941498 0.000000 0.000000 0.000000 1.000000
0.975125 -0.079866 0.206769 -6.012424 -0.221583 -0.375406 0.899984 33.117329 0.005745 -0.923413 -0.383765 -102.654503 0.000000 0.000000 0.000000 1.000000
0.973509 -0.084941 0.212286 -6.097611 -0.228645 -0.367346 0.901542 30.242941 0.001405 -0.926198 -0.377036 -105.080170 0.000000 0.000000 0.000000 1.000000
0.970185 -0.086952 0.226230 -6.159910 -0.242361 -0.353285 0.903577 26.936924 0.001356 -0.931466 -0.363825 -106.794617 0.000000 0.000000 0.000000 1.000000
0.966680 -0.087427 0.240596 -6.233702 -0.255985 -0.335255 0.906684 23.398741 0.001392 -0.938062 -0.346464 -107.854576 0.000000 0.000000 0.000000 1.000000
0.963739 -0.086409 0.252468 -6.084944 -0.266846 -0.311692 0.911944 19.966839 -0.000108 -0.946246 -0.323448 -108.410347 0.000000 0.000000 0.000000 1.000000
0.962604 -0.083068 0.257861 -5.795700 -0.270888 -0.282652 0.920178 16.399279 -0.003552 -0.955619 -0.294584 -108.436935 0.000000 0.000000 0.000000 1.000000
0.963106 -0.079810 0.257015 -5.620790 -0.268945 -0.250817 0.929925 16.189157 -0.009754 -0.964739 -0.263028 -108.251114 0.000000 0.000000 0.000000 1.000000
0.964724 -0.074791 0.252415 -5.516580 -0.262649 -0.208021 0.942201 17.327768 -0.017960 -0.975261 -0.220327 -108.035301 0.000000 0.000000 0.000000 1.000000
0.968770 -0.068835 0.238216 -5.223071 -0.246142 -0.150748 0.957439 18.154743 -0.029995 -0.986173 -0.162983 -107.798241 0.000000 0.000000 0.000000 1.000000
0.973520 -0.059693 0.220669 -4.936489 -0.225573 -0.094280 0.969654 18.781315 -0.037077 -0.993754 -0.105249 -107.645126 0.000000 0.000000 0.000000 1.000000
0.977676 -0.053991 0.203062 -4.977462 -0.205655 -0.047780 0.977457 19.091307 -0.043072 -0.997398 -0.057817 -107.571701 0.000000 0.000000 0.000000 1.000000
0.981536 -0.049732 0.184697 -5.216711 -0.185880 -0.020288 0.982363 19.130367 -0.045108 -0.998557 -0.029158 -107.469543 0.000000 0.000000 0.000000 1.000000
0.984200 -0.047817 0.170479 -5.331334 -0.171192 -0.011212 0.985174 19.255346 -0.045196 -0.998793 -0.019220 -107.287392 0.000000 0.000000 0.000000 1.000000
0.985680 -0.052661 0.160195 -5.561460 -0.160929 -0.009968 0.986916 19.479153 -0.050375 -0.998563 -0.018300 -107.086906 0.000000 0.000000 0.000000 1.000000
0.986966 -0.055514 0.151048 -5.830099 -0.151541 -0.004754 0.988440 19.700703 -0.054154 -0.998447 -0.013105 -106.937027 0.000000 0.000000 0.000000 1.000000
0.988011 -0.056913 0.143508 -6.037863 -0.143347 0.006919 0.989648 19.836773 -0.057317 -0.998355 -0.001322 -106.907036 0.000000 0.000000 0.000000 1.000000
0.988820 -0.056977 0.137798 -6.158643 -0.137043 0.016969 0.990420 19.816015 -0.058769 -0.998231 0.008971 -106.895798 0.000000 0.000000 0.000000 1.000000
0.989442 -0.055375 0.133930 -6.183319 -0.132802 0.023574 0.990862 19.731255 -0.058027 -0.998187 0.015971 -106.886940 0.000000 0.000000 0.000000 1.000000
0.989754 -0.053268 0.132473 -6.173071 -0.131268 0.025538 0.991018 19.616158 -0.056173 -0.998254 0.018284 -106.852097 0.000000 0.000000 0.000000 1.000000
0.989825 -0.050828 0.132903 -6.131321 -0.131864 0.023294 0.990994 19.501637 -0.053466 -0.998436 0.016355 -106.806999 0.000000 0.000000 0.000000 1.000000
0.989557 -0.050072 0.135164 -6.108656 -0.134420 0.017957 0.990762 19.416859 -0.052036 -0.998584 0.011039 -106.812012 0.000000 0.000000 0.000000 1.000000
0.989105 -0.050378 0.138321 -6.090553 -0.137836 0.012979 0.990370 19.361399 -0.051688 -0.998646 0.005894 -106.859962 0.000000 0.000000 0.000000 1.000000
0.988453 -0.050465 0.142877 -6.054173 -0.142523 0.010560 0.989735 19.311970 -0.051455 -0.998670 0.003245 -106.899879 0.000000 0.000000 0.000000 1.000000
0.987761 -0.050076 0.147717 -5.991767 -0.147329 0.011378 0.989022 19.290127 -0.051207 -0.998681 0.003861 -106.949654 0.000000 0.000000 0.000000 1.000000
0.987218 -0.050433 0.151187 -5.900138 -0.150653 0.014256 0.988484 19.290703 -0.052007 -0.998626 0.006476 -107.002213 0.000000 0.000000 0.000000 1.000000
0.986679 -0.050860 0.154522 -5.827411 -0.153859 0.016731 0.987951 19.311131 -0.052832 -0.998566 0.008682 -107.043266 0.000000 0.000000 0.000000 1.000000
0.986404 -0.050995 0.156224 -5.762750 -0.155458 0.018671 0.987666 19.349907 -0.053283 -0.998524 0.010490 -107.065773 0.000000 0.000000 0.000000 1.000000
0.986263 -0.051389 0.156984 -5.729022 -0.156154 0.019801 0.987534 19.383526 -0.053856 -0.998482 0.011505 -107.083824 0.000000 0.000000 0.000000 1.000000
0.986180 -0.051538 0.157460 -5.721601 -0.156562 0.021033 0.987444 19.413851 -0.054203 -0.998450 0.012674 -107.075142 0.000000 0.000000 0.000000 1.000000
0.986181 -0.051612 0.157430 -5.733523 -0.156461 0.022320 0.987432 19.432280 -0.054477 -0.998418 0.013936 -107.071838 0.000000 0.000000 0.000000 1.000000
0.986218 -0.051685 0.157174 -5.764287 -0.156146 0.023377 0.987457 19.442177 -0.054711 -0.998390 0.014985 -107.070702 0.000000 0.000000 0.000000 1.000000
0.986321 -0.051611 0.156549 -5.798355 -0.155506 0.023678 0.987551 19.440205 -0.054675 -0.998387 0.015328 -107.073502 0.000000 0.000000 0.000000 1.000000
0.986449 -0.051277 0.155849 -5.830690 -0.154833 0.023256 0.987667 19.427156 -0.054269 -0.998414 0.015001 -107.080643 0.000000 0.000000 0.000000 1.000000
0.986545 -0.050763 0.155411 -5.860978 -0.154430 0.022721 0.987742 19.415993 -0.053672 -0.998452 0.014576 -107.088684 0.000000 0.000000 0.000000 1.000000
0.986645 -0.050289 0.154928 -5.881999 -0.153982 0.022197 0.987824 19.410021 -0.053116 -0.998488 0.014157 -107.092926 0.000000 0.000000 0.000000 1.000000
0.986770 -0.049680 0.154324 -5.890699 -0.153408 0.021774 0.987923 19.407726 -0.052440 -0.998528 0.013865 -107.093315 0.000000 0.000000 0.000000 1.000000
0.986864 -0.049268 0.153860 -5.891564 -0.152939 0.021973 0.987991 19.408377 -0.052057 -0.998544 0.014150 -107.090988 0.000000 0.000000 0.000000 1.000000
0.986892 -0.049323 0.153657 -5.890398 -0.152720 0.022268 0.988019 19.411818 -0.052154 -0.998535 0.014443 -107.086517 0.000000 0.000000 0.000000 1.000000
0.986889 -0.049599 0.153591 -5.890088 -0.152629 0.022662 0.988024 19.417698 -0.052486 -0.998512 0.014795 -107.080673 0.000000 0.000000 0.000000 1.000000
0.986862 -0.049857 0.153682 -5.891987 -0.152695 0.023058 0.988004 19.421638 -0.052802 -0.998490 0.015142 -107.076454 0.000000 0.000000 0.000000 1.000000
0.986815 -0.050051 0.153921 -5.891448 -0.152912 0.023435 0.987962 19.422844 -0.053056 -0.998472 0.015473 -107.072968 0.000000 0.000000 0.000000 1.000000
0.986786 -0.050066 0.154101 -5.891187 -0.153081 0.023625 0.987931 19.421806 -0.053102 -0.998466 0.015648 -107.070847 0.000000 0.000000 0.000000 1.000000
0.986761 -0.050001 0.154282 -5.889253 -0.153261 0.023675 0.987902 19.419695 -0.053049 -0.998469 0.015699 -107.070618 0.000000 0.000000 0.000000 1.000000
0.986744 -0.049894 0.154425 -5.887136 -0.153405 0.023692 0.987879 19.415516 -0.052948 -0.998473 0.015724 -107.071465 0.000000 0.000000 0.000000 1.000000
0.986712 -0.049733 0.154679 -5.884258 -0.153659 0.023726 0.987839 19.413330 -0.052798 -0.998481 0.015769 -107.073021 0.000000 0.000000 0.000000 1.000000
0.986678 -0.049654 0.154922 -5.882365 -0.153902 0.023784 0.987800 19.413004 -0.052733 -0.998483 0.015826 -107.073692 0.000000 0.000000 0.000000 1.000000
0.986661 -0.049608 0.155048 -5.881997 -0.154024 0.023854 0.987779 19.412785 -0.052701 -0.998484 0.015895 -107.073853 0.000000 0.000000 0.000000 1.000000
0.986660 -0.049580 0.155058 -5.882684 -0.154030 0.023956 0.987776 19.412457 -0.052689 -0.998483 0.016000 -107.073967 0.000000 0.000000 0.000000 1.000000
0.986681 -0.049681 0.154896 -5.883261 -0.153863 0.024012 0.987800 19.412373 -0.052795 -0.998476 0.016048 -107.073112 0.000000 0.000000 0.000000 1.000000
0.986706 -0.049911 0.154661 -5.882852 -0.153620 0.024069 0.987837 19.409693 -0.053026 -0.998464 0.016082 -107.073013 0.000000 0.000000 0.000000 1.000000
0.986732 -0.050170 0.154415 -5.881976 -0.153363 0.024199 0.987874 19.407270 -0.053298 -0.998447 0.016183 -107.073166 0.000000 0.000000 0.000000 1.000000
0.986743 -0.050157 0.154343 -5.883234 -0.153281 0.024402 0.987881 19.409229 -0.053316 -0.998443 0.016391 -107.073502 0.000000 0.000000 0.000000 1.000000
0.986769 -0.050160 0.154180 -5.884171 -0.153106 0.024602 0.987903 19.412167 -0.053346 -0.998438 0.016597 -107.073334 0.000000 0.000000 0.000000 1.000000
0.986780 -0.050148 0.154113 -5.885687 -0.153028 0.024807 0.987910 19.415878 -0.053364 -0.998434 0.016805 -107.073471 0.000000 0.000000 0.000000 1.000000
0.986784 -0.050145 0.154086 -5.888413 -0.152989 0.025042 0.987911 19.420799 -0.053398 -0.998428 0.017039 -107.073196 0.000000 0.000000 0.000000 1.000000
0.986787 -0.050123 0.154072 -5.892253 -0.152973 0.025099 0.987912 19.425274 -0.053385 -0.998428 0.017100 -107.073853 0.000000 0.000000 0.000000 1.000000
0.986789 -0.050107 0.154070 -5.895577 -0.152971 0.025103 0.987912 19.430107 -0.053369 -0.998428 0.017106 -107.074631 0.000000 0.000000 0.000000 1.000000
0.986788 -0.050110 0.154075 -5.897042 -0.152977 0.025065 0.987912 19.433453 -0.053367 -0.998429 0.017068 -107.075027 0.000000 0.000000 0.000000 1.000000
0.986786 -0.050124 0.154084 -5.897415 -0.152993 0.024938 0.987913 19.432770 -0.053361 -0.998432 0.016940 -107.075386 0.000000 0.000000 0.000000 1.000000
0.986783 -0.050152 0.154093 -5.898242 -0.153013 0.024732 0.987915 19.430630 -0.053357 -0.998435 0.016732 -107.075325 0.000000 0.000000 0.000000 1.000000
0.986780 -0.050163 0.154108 -5.898367 -0.153033 0.024630 0.987914 19.428375 -0.053352 -0.998437 0.016627 -107.074646 0.000000 0.000000 0.000000 1.000000
0.986777 -0.050155 0.154127 -5.897868 -0.153052 0.024629 0.987911 19.426395 -0.053345 -0.998438 0.016627 -107.074188 0.000000 0.000000 0.000000 1.000000
0.986775 -0.050144 0.154142 -5.897671 -0.153068 0.024628 0.987909 19.425404 -0.053334 -0.998438 0.016627 -107.074013 0.000000 0.000000 0.000000 1.000000
0.986775 -0.050135 0.154149 -5.897807 -0.153075 0.024627 0.987908 19.425217 -0.053325 -0.998439 0.016627 -107.074059 0.000000 0.000000 0.000000 1.000000
0.986776 -0.050121 0.154146 -5.898374 -0.153072 0.024625 0.987908 19.424561 -0.053311 -0.998440 0.016627 -107.074028 0.000000 0.000000 0.000000 1.000000
0.986779 -0.050113 0.154129 -5.899412 -0.153055 0.024622 0.987911 19.423328 -0.053303 -0.998440 0.016627 -107.073669 0.000000 0.000000 0.000000 1.000000
0.986785 -0.050112 0.154094 -5.900235 -0.153021 0.024621 0.987916 19.421925 -0.053301 -0.998440 0.016627 -107.072922 0.000000 0.000000 0.000000 1.000000
0.986797 -0.050106 0.154016 -5.899707 -0.152943 0.024616 0.987928 19.418453 -0.053293 -0.998440 0.016627 -107.071846 0.000000 0.000000 0.000000 1.000000
0.986823 -0.050115 0.153846 -5.897245 -0.152773 0.024607 0.987955 19.414152 -0.053297 -0.998440 0.016627 -107.070290 0.000000 0.000000 0.000000 1.000000
0.986822 -0.050147 0.153843 -5.896511 -0.152769 0.024612 0.987955 19.410561 -0.053329 -0.998439 0.016627 -107.068359 0.000000 0.000000 0.000000 1.000000</float_array>
        <technique_common>
          <accessor source="#mixamorig_Hips-Matrix-animation-output-transform-array" count="139" stride="16">
            <param type="float4x4"/>
          </accessor>
        </technique_common>
      </source>
      <source id="mixamorig_Hips-Interpolations">
        <Name_array id="mixamorig_Hips-Interpolations-array" count="139">
 LINEAR LINEAR LINEAR LINEAR LINEAR LINEAR LINEAR LINEAR LINEAR LINEAR LINEAR
LINEAR LINEAR LINEAR LINEAR LINEAR LINEAR LINEAR LINEAR LINEAR LINEAR LINEAR LINEAR
LINEAR LINEAR LINEAR LINEAR LINEAR LINEAR LINEAR LINEAR LINEAR LINEAR LINEAR LINEAR
LINEAR LINEAR LINEAR LINEAR LINEAR LINEAR LINEAR LINEAR LINEAR LINEAR LINEAR LINEAR
LINEAR LINEAR LINEAR LINEAR LINEAR LINEAR LINEAR LINEAR LINEAR LINEAR LINEAR LINEAR
LINEAR LINEAR LINEAR LINEAR LINEAR LINEAR LINEAR LINEAR LINEAR LINEAR LINEAR LINEAR
LINEAR LINEAR LINEAR LINEAR LINEAR LINEAR LINEAR LINEAR LINEAR LINEAR LINEAR LINEAR
LINEAR LINEAR LINEAR LINEAR LINEAR LINEAR LINEAR LINEAR LINEAR LINEAR LINEAR LINEAR
LINEAR LINEAR LINEAR LINEAR LINEAR LINEAR LINEAR LINEAR LINEAR LINEAR LINEAR LINEAR
LINEAR LINEAR LINEAR LINEAR LINEAR LINEAR LINEAR LINEAR LINEAR LINEAR LINEAR LINEAR
LINEAR LINEAR LINEAR LINEAR LINEAR LINEAR LINEAR LINEAR LINEAR LINEAR LINEAR LINEAR
LINEAR LINEAR LINEAR LINEAR LINEAR LINEAR LINEAR LINEAR</Name_array>
        <technique_common>
          <accessor source="#mixamorig_Hips-Interpolations-array" count="139">
            <param type="name"/>
          </accessor>
        </technique_common>
      </source>
      <sampler id="mixamorig_Hips-Matrix-animation-transform">
        <input semantic="INPUT" source="#mixamorig_Hips-Matrix-animation-input"/>
        <input semantic="OUTPUT" source="#mixamorig_Hips-Matrix-animation-output-transform"/>
        <input semantic="INTERPOLATION" source="#mixamorig_Hips-Interpolations"/>
      </sampler>
      <channel source="#mixamorig_Hips-Matrix-animation-transform" target="mixamorig_Hips/matrix"/>
    </animation>
    <animation id="mixamorig_Spine-anim" name="mixamorig_Spine">
      <source id="mixamorig_Spine-Matrix-animation-input">
        <float_array id="mixamorig_Spine-Matrix-animation-input-array" count="139">

0.000000 0.033333 0.066667 0.100000 0.133333 0.166667 0.200000 0.233333 0.266667 0.300000 0.333333 0.366667 0.400000 0.433333 0.466667 0.500000
0.533333 0.566667 0.600000 0.633333 0.666667 0.700000 0.733333 0.766667 0.800000 0.833333 0.866667 0.900000 0.933333 0.966667 1.000000 1.033333
1.066667 1.100000 1.133333 1.166667 1.200000 1.233333 1.266667 1.300000 1.333333 1.366667 1.400000 1.433333 1.466667 1.500000 1.533333 1.566667
1.600000 1.633333 1.666667 1.700000 1.733333 1.766667 1.800000 1.833333 1.866667 1.900000 1.933333 1.966667 2.000000 2.033333 2.066667 2.100000
2.133333 2.166667 2.200000 2.233333 2.266667 2.300000 2.333333 2.366667 2.400000 2.433333 2.466667 2.500000 2.533333 2.566667 2.600000 2.633333
2.666667 2.700000 2.733333 2.766667 2.800000 2.833333 2.866667 2.900000 2.933333 2.966667 3.000000 3.033333 3.066667 3.100000 3.133333 3.166667
3.200000 3.233333 3.266667 3.300000 3.333333 3.366667 3.400000 3.433333 3.466667 3.500000 3.533333 3.566667 3.600000 3.633333 3.666667 3.700000
3.733333 3.766667 3.800000 3.833333 3.866667 3.900000 3.933333 3.966667 4.000000 4.033333 4.066667 4.100000 4.133333 4.166667 4.200000 4.233333
4.266667 4.300000 4.333333 4.366667 4.400000 4.433333 4.466667 4.500000 4.533333 4.566667 4.600000</float_array>
        <technique_common>
          <accessor source="#mixamorig_Spine-Matrix-animation-input-array" count="139">
            <param name="TIME" type="float"/>
          </accessor>
        </technique_common>
      </source>
      <source id="mixamorig_Spine-Matrix-animation-output-transform">
        <float_array id="mixamorig_Spine-Matrix-animation-output-transform-array" count="2224">

0.999978 -0.005220 0.003980 0.000000 0.006179 0.953247 -0.302129 8.536500 -0.002217 0.302147 0.953259 0.187100 0.000000 0.000000 0.000000 1.000000
0.999979 -0.005297 0.003845 -0.000000 0.006211 0.953290 -0.301992 8.536500 -0.002065 0.302010 0.953303 0.187100 0.000000 0.000000 0.000000 1.000000
0.999979 -0.005397 0.003625 0.000000 0.006239 0.953360 -0.301771 8.536500 -0.001828 0.301787 0.953374 0.187100 0.000000 0.000000 0.000000 1.000000
0.999979 -0.005483 0.003466 -0.000000 0.006273 0.953381 -0.301705 8.536500 -0.001651 0.301721 0.953395 0.187100 0.000000 0.000000 0.000000 1.000000
0.999979 -0.005569 0.003265 -0.000000 0.006294 0.953388 -0.301683 8.536500 -0.001433 0.301697 0.953403 0.187100 0.000000 0.000000 0.000000 1.000000
0.999979 -0.005649 0.003133 0.000000 0.006331 0.953384 -0.301692 8.536500 -0.001283 0.301706 0.953400 0.187100 0.000000 0.000000 0.000000 1.000000
0.999979 -0.005689 0.003077 0.000000 0.006352 0.953367 -0.301747 8.536500 -0.001216 0.301761 0.953383 0.187100 0.000000 0.000000 0.000000 1.000000
0.999979 -0.005736 0.003039 0.000000 0.006386 0.953292 -0.301982 8.536500 -0.001165 0.301995 0.953309 0.187100 0.000000 0.000000 0.000000 1.000000
0.999979 -0.005739 0.003134 0.000000 0.006417 0.953212 -0.302235 8.536500 -0.001253 0.302249 0.953228 0.187100 0.000000 0.000000 0.000000 1.000000
0.999978 -0.005714 0.003361 0.000000 0.006463 0.953121 -0.302520 8.536500 -0.001475 0.302535 0.953137 0.187100 0.000000 0.000000 0.000000 1.000000
0.999977 -0.005655 0.003729 0.000000 0.006519 0.953021 -0.302834 8.536500 -0.001842 0.302852 0.953036 0.187100 0.000000 0.000000 0.000000 1.000000
0.999975 -0.005463 0.004407 0.000000 0.006543 0.952876 -0.303290 8.536500 -0.002542 0.303311 0.952888 0.187100 0.000000 0.000000 0.000000 1.000000
0.999971 -0.005649 0.005125 0.000000 0.006939 0.952681 -0.303894 8.536500 -0.003166 0.303921 0.952692 0.187100 0.000000 0.000000 0.000000 1.000000
0.999968 -0.006104 0.005210 0.000000 0.007397 0.952828 -0.303421 8.536500 -0.003112 0.303450 0.952842 0.187100 0.000000 0.000000 0.000000 1.000000
0.999966 -0.006595 0.004906 0.000000 0.007762 0.954062 -0.299508 8.536500 -0.002705 0.299536 0.954081 0.187100 0.000000 0.000000 0.000000 1.000000
0.999968 -0.006934 0.004017 0.000000 0.007809 0.955832 -0.293810 8.536500 -0.001803 0.293832 0.955855 0.187100 0.000000 0.000000 0.000000 1.000000
0.999968 -0.007304 0.003204 0.000000 0.007917 0.957569 -0.288096 8.536500 -0.000964 0.288113 0.957596 0.187100 0.000000 0.000000 0.000000 1.000000
0.999968 -0.007375 0.002974 0.000000 0.007916 0.958647 -0.284487 8.536500 -0.000753 0.284501 0.958675 0.187100 0.000000 0.000000 0.000000 1.000000
0.999958 -0.008233 0.003984 -0.000000 0.009031 0.957837 -0.287171 8.536500 -0.001451 0.287195 0.957871 0.187100 0.000000 0.000000 0.000000 1.000000
0.999920 -0.010334 0.007245 -0.000000 0.012035 0.953543 -0.301017 8.536500 -0.003798 0.301080 0.953591 0.187100 0.000000 0.000000 0.000000 1.000000
0.999823 -0.013594 0.013044 0.000000 0.017048 0.947511 -0.319269 8.536500 -0.008019 0.319435 0.947574 0.187100 0.000000 0.000000 0.000000 1.000000
0.999647 -0.019072 0.018502 0.000000 0.024121 0.943392 -0.330803 8.536500 -0.011146 0.331132 0.943518 0.187100 0.000000 0.000000 0.000000 1.000000
0.999374 -0.028647 0.020759 0.000000 0.033951 0.941549 -0.335160 8.536500 -0.009945 0.335655 0.941932 0.187100 0.000000 0.000000 0.000000 1.000000
0.998989 -0.038046 0.023935 0.000000 0.043904 0.940055 -0.338185 8.536500 -0.009634 0.338894 0.940775 0.187100 0.000000 0.000000 0.000000 1.000000
0.998485 -0.044678 0.032108 -0.000000 0.052878 0.940487 -0.335690 8.536500 -0.015200 0.336879 0.941425 0.187100 0.000000 0.000000 0.000000 1.000000
0.998009 -0.048456 0.040363 0.000000 0.058978 0.943778 -0.325278 8.536500 -0.022332 0.327011 0.944757 0.187100 0.000000 0.000000 0.000000 1.000000
0.997770 -0.049139 0.045176 0.000000 0.060809 0.948269 -0.311590 8.536500 -0.027528 0.313642 0.949142 0.187100 0.000000 0.000000 0.000000 1.000000
0.997631 -0.048988 0.048287 0.000000 0.061167 0.952924 -0.296977 8.536500 -0.031466 0.299227 0.953663 0.187100 0.000000 0.000000 0.000000 1.000000
0.997585 -0.051892 0.046163 0.000000 0.062851 0.957323 -0.282102 8.536500 -0.029554 0.284322 0.958273 0.187100 0.000000 0.000000 0.000000 1.000000
0.997509 -0.054598 0.044668 0.000000 0.064643 0.960977 -0.268970 8.536500 -0.028240 0.271188 0.962112 0.187100 0.000000 0.000000 0.000000 1.000000
0.997496 -0.053321 0.046460 0.000000 0.063505 0.964425 -0.256615 8.536500 -0.031124 0.258923 0.965396 0.187100 0.000000 0.000000 0.000000 1.000000
0.997328 -0.056450 0.046380 0.000000 0.066113 0.967493 -0.244105 8.536500 -0.031092 0.246519 0.968639 0.187100 0.000000 0.000000 0.000000 1.000000
0.997341 -0.055615 0.047099 0.000000 0.065134 0.970123 -0.233707 8.536500 -0.032694 0.236153 0.971166 0.187100 0.000000 0.000000 0.000000 1.000000
0.997320 -0.055624 0.047516 -0.000000 0.065009 0.971741 -0.226920 8.536500 -0.033551 0.229401 0.972754 0.187100 0.000000 0.000000 0.000000 1.000000
0.997231 -0.057172 0.047562 0.000000 0.066495 0.971867 -0.225949 8.536500 -0.033306 0.228486 0.972977 0.187100 0.000000 0.000000 0.000000 1.000000
0.997131 -0.058988 0.047427 0.000000 0.068225 0.971806 -0.225695 8.536500 -0.032776 0.228283 0.973043 0.187100 0.000000 0.000000 0.000000 1.000000
0.997075 -0.060399 0.046825 0.000000 0.069383 0.972283 -0.223276 8.536500 -0.032042 0.225872 0.973630 0.187100 0.000000 0.000000 0.000000 1.000000
0.997014 -0.061066 0.047272 0.000000 0.070099 0.972473 -0.222219 8.536500 -0.032401 0.224870 0.973850 0.187100 0.000000 0.000000 0.000000 1.000000
0.996946 -0.061765 0.047779 0.000000 0.070964 0.971940 -0.224268 8.536500 -0.032586 0.226974 0.973356 0.187100 0.000000 0.000000 0.000000 1.000000
0.996852 -0.063349 0.047682 0.000000 0.072505 0.971692 -0.224849 8.536500 -0.032088 0.227599 0.973226 0.187100 0.000000 0.000000 0.000000 1.000000
0.996891 -0.062386 0.048123 0.000000 0.071641 0.971932 -0.224087 8.536500 -0.032793 0.226838 0.973380 0.187100 0.000000 0.000000 0.000000 1.000000
0.996955 -0.060343 0.049386 0.000000 0.070029 0.971439 -0.226722 8.536500 -0.034295 0.229490 0.972707 0.187100 0.000000 0.000000 0.000000 1.000000
0.997127 -0.056131 0.050861 0.000000 0.066309 0.971423 -0.227903 8.536500 -0.036615 0.230621 0.972355 0.187100 0.000000 0.000000 0.000000 1.000000
0.997228 -0.053709 0.051501 0.000000 0.064246 0.970651 -0.231752 8.536500 -0.037543 0.234418 0.971411 0.187100 0.000000 0.000000 0.000000 1.000000
0.997332 -0.051618 0.051625 -0.000000 0.062338 0.970178 -0.234240 8.536500 -0.037995 0.236834 0.970807 0.187100 0.000000 0.000000 0.000000 1.000000
0.997397 -0.050213 0.051739 -0.000000 0.061131 0.969438 -0.237597 8.536500 -0.038227 0.240142 0.969985 0.187100 0.000000 0.000000 0.000000 1.000000
0.997463 -0.049079 0.051567 -0.000000 0.060015 0.969331 -0.238316 8.536500 -0.038289 0.240807 0.969818 0.187100 0.000000 0.000000 0.000000 1.000000
0.997506 -0.047860 0.051868 0.000000 0.058919 0.969303 -0.238704 8.536500 -0.038851 0.241165 0.969706 0.187100 0.000000 0.000000 0.000000 1.000000
0.997583 -0.046122 0.051964 -0.000000 0.057131 0.970151 -0.235676 8.536500 -0.039543 0.238075 0.970441 0.187100 0.000000 0.000000 0.000000 1.000000
0.997642 -0.044533 0.052220 0.000000 0.055609 0.970452 -0.234801 8.536500 -0.040221 0.237151 0.970640 0.187100 0.000000 0.000000 0.000000 1.000000
0.997675 -0.042048 0.053637 0.000000 0.053538 0.970518 -0.235009 8.536500 -0.042174 0.237334 0.970512 0.187100 0.000000 0.000000 0.000000 1.000000
0.997668 -0.039535 0.055629 0.000000 0.051587 0.970515 -0.235455 8.536500 -0.044680 0.237776 0.970292 0.187100 0.000000 0.000000 0.000000 1.000000
0.997612 -0.039307 0.056787 0.000000 0.051631 0.970569 -0.235225 8.536500 -0.045870 0.237595 0.970281 0.187100 0.000000 0.000000 0.000000 1.000000
0.997490 -0.041659 0.057262 0.000000 0.053963 0.970798 -0.233751 8.536500 -0.045852 0.236254 0.970609 0.187100 0.000000 0.000000 0.000000 1.000000
0.997307 -0.044849 0.058030 0.000000 0.057204 0.970840 -0.232803 8.536500 -0.045897 0.235496 0.970791 0.187100 0.000000 0.000000 0.000000 1.000000
0.997235 -0.048214 0.056551 -0.000000 0.060098 0.970841 -0.232068 8.536500 -0.043713 0.234825 0.971054 0.187100 0.000000 0.000000 0.000000 1.000000
0.997193 -0.052445 0.053441 0.000000 0.063395 0.971150 -0.229887 8.536500 -0.039843 0.232629 0.971749 0.187100 0.000000 0.000000 0.000000 1.000000
0.997172 -0.056034 0.050078 0.000000 0.065897 0.972312 -0.224203 8.536500 -0.036128 0.226869 0.973255 0.187100 0.000000 0.000000 0.000000 1.000000
0.997277 -0.059763 0.043202 -0.000000 0.067630 0.974765 -0.212742 8.536500 -0.029398 0.215085 0.976153 0.187100 0.000000 0.000000 0.000000 1.000000
0.997170 -0.063733 0.039885 0.000000 0.070373 0.977927 -0.196739 8.536500 -0.026466 0.198989 0.979644 0.187100 0.000000 0.000000 0.000000 1.000000
0.997307 -0.063794 0.036172 -0.000000 0.069165 0.982173 -0.174791 8.536500 -0.024377 0.176823 0.983941 0.187100 0.000000 0.000000 0.000000 1.000000
0.997626 -0.061676 0.030633 0.000000 0.065616 0.986349 -0.151031 8.536500 -0.020900 0.152683 0.988054 0.187100 0.000000 0.000000 0.000000 1.000000
0.997822 -0.060852 0.025450 0.000000 0.063940 0.987123 -0.146629 8.536500 -0.016200 0.147937 0.988864 0.187100 0.000000 0.000000 0.000000 1.000000
0.997739 -0.064467 0.018989 0.000000 0.066684 0.984795 -0.160414 8.536500 -0.008359 0.161317 0.986867 0.187100 0.000000 0.000000 0.000000 1.000000
0.997809 -0.064579 0.014374 0.000000 0.066083 0.983304 -0.169549 8.536500 -0.003184 0.170127 0.985417 0.187100 0.000000 0.000000 0.000000 1.000000
0.999163 -0.040588 -0.005054 -0.000000 0.039824 0.993563 -0.106049 8.536500 0.009326 0.105759 0.994348 0.187100 0.000000 0.000000 0.000000 1.000000
0.999732 -0.011084 -0.020307 0.000000 0.010538 0.999585 -0.026824 8.536500 0.020596 0.026603 0.999434 0.187100 0.000000 0.000000 0.000000 1.000000
0.999885 0.005273 -0.014193 0.000000 -0.005545 0.999800 -0.019217 8.536500 0.014089 0.019293 0.999715 0.187100 0.000000 0.000000 0.000000 1.000000
0.999954 0.001952 -0.009390 0.000000 -0.002695 0.996811 -0.079757 8.536500 0.009204 0.079779 0.996770 0.187100 0.000000 0.000000 0.000000 1.000000
0.999776 -0.018988 -0.009382 0.000000 0.016981 0.983398 -0.180667 8.536500 0.012657 0.180467 0.983500 0.187100 0.000000 0.000000 0.000000 1.000000
0.999323 -0.036301 -0.005973 0.000000 0.033470 0.964488 -0.261999 8.536500 0.015271 0.261622 0.965050 0.187100 0.000000 0.000000 0.000000 1.000000
0.998821 -0.048534 -0.001199 -0.000000 0.045718 0.948606 -0.313140 8.536500 0.016336 0.312716 0.949706 0.187100 0.000000 0.000000 0.000000 1.000000
0.998706 -0.050833 0.001215 -0.000000 0.048450 0.944089 -0.326110 8.536500 0.015431 0.325747 0.945331 0.187100 0.000000 0.000000 0.000000 1.000000
0.998919 -0.046439 0.002036 0.000000 0.044680 0.947160 -0.317635 8.536500 0.012823 0.317383 0.948211 0.187100 0.000000 0.000000 0.000000 1.000000
0.999243 -0.038890 0.001306 -0.000000 0.037437 0.951654 -0.304883 8.536500 0.010614 0.304701 0.952389 0.187100 0.000000 0.000000 0.000000 1.000000
0.999752 -0.022244 -0.001322 0.000000 0.021032 0.961573 -0.273742 8.536500 0.007360 0.273646 0.961802 0.187100 0.000000 0.000000 0.000000 1.000000
0.999965 -0.006509 -0.005272 0.000000 0.005149 0.974113 -0.226005 8.536500 0.006607 0.225970 0.974112 0.187100 0.000000 0.000000 0.000000 1.000000
0.999936 0.007031 -0.008918 0.000000 -0.008447 0.985348 -0.170347 8.536500 0.007590 0.170412 0.985344 0.187100 0.000000 0.000000 0.000000 1.000000
0.999813 0.014289 -0.013051 0.000000 -0.015761 0.992572 -0.120631 8.536500 0.011230 0.120814 0.992612 0.187100 0.000000 0.000000 0.000000 1.000000
0.999670 0.020796 -0.015094 0.000000 -0.022016 0.996075 -0.085735 8.536500 0.013252 0.086039 0.996204 0.187100 0.000000 0.000000 0.000000 1.000000
0.999437 0.030354 -0.014284 0.000000 -0.031271 0.997120 -0.069097 8.536500 0.012146 0.069505 0.997508 0.187100 0.000000 0.000000 0.000000 1.000000
0.999292 0.035514 -0.012413 0.000000 -0.036229 0.997345 -0.063164 8.536500 0.010137 0.063569 0.997926 0.187100 0.000000 0.000000 0.000000 1.000000
0.999170 0.039298 -0.010742 0.000000 -0.039892 0.997267 -0.062192 8.536500 0.008268 0.062569 0.998006 0.187100 0.000000 0.000000 0.000000 1.000000
0.998998 0.043685 -0.009751 -0.000000 -0.044197 0.997185 -0.060570 8.536500 0.007077 0.060940 0.998116 0.187100 0.000000 0.000000 0.000000 1.000000
0.998813 0.047963 -0.008548 0.000000 -0.048373 0.997203 -0.056968 8.536500 0.005792 0.057314 0.998339 0.187100 0.000000 0.000000 0.000000 1.000000
